times: [[   0.        ]
 [   3.33333333]
 [   6.66666667]
 [  10.        ]
 [  13.33333333]
 [  16.66666667]
 [  20.        ]
 [  23.33333333]
 [  26.66666667]
 [  30.        ]
 [  30.        ]
 [  33.33333333]
 [  36.66666667]
 [  40.        ]
 [  43.33333333]
 [  46.66666667]
 [  50.        ]
 [  53.33333333]
 [  56.66666667]
 [  60.        ]
 [  60.        ]
 [  63.33333333]
 [  66.66666667]
 [  70.        ]
 [  73.33333333]
 [  76.66666667]
 [  80.        ]
 [  83.33333333]
 [  86.66666667]
 [  90.        ]
 [  90.        ]
 [  93.33333333]
 [  96.66666667]
 [ 100.        ]
 [ 103.33333333]
 [ 106.66666667]
 [ 110.        ]
 [ 113.33333333]
 [ 116.66666667]
 [ 120.        ]
 [ 120.        ]
 [ 123.33333333]
 [ 126.66666667]
 [ 130.        ]
 [ 133.33333333]
 [ 136.66666667]
 [ 140.        ]
 [ 143.33333333]
 [ 146.66666667]
 [ 150.        ]
 [ 150.        ]
 [ 153.33333333]
 [ 156.66666667]
 [ 160.        ]
 [ 163.33333333]
 [ 166.66666667]
 [ 170.        ]
 [ 173.33333333]
 [ 176.66666667]
 [ 180.        ]
 [ 180.        ]
 [ 183.33333333]
 [ 186.66666667]
 [ 190.        ]
 [ 193.33333333]
 [ 196.66666667]
 [ 200.        ]
 [ 203.33333333]
 [ 206.66666667]
 [ 210.        ]
 [ 210.        ]
 [ 213.33333333]
 [ 216.66666667]
 [ 220.        ]
 [ 223.33333333]
 [ 226.66666667]
 [ 230.        ]
 [ 233.33333333]
 [ 236.66666667]
 [ 240.        ]
 [ 240.        ]
 [ 243.33333333]
 [ 246.66666667]
 [ 250.        ]
 [ 253.33333333]
 [ 256.66666667]
 [ 260.        ]
 [ 263.33333333]
 [ 266.66666667]
 [ 270.        ]
 [ 270.        ]
 [ 273.33333333]
 [ 276.66666667]
 [ 280.        ]
 [ 283.33333333]
 [ 286.66666667]
 [ 290.        ]
 [ 293.33333333]
 [ 296.66666667]
 [ 300.        ]
 [ 300.        ]
 [ 303.33333333]
 [ 306.66666667]
 [ 310.        ]
 [ 313.33333333]
 [ 316.66666667]
 [ 320.        ]
 [ 323.33333333]
 [ 326.66666667]
 [ 330.        ]
 [ 330.        ]
 [ 333.33333333]
 [ 336.66666667]
 [ 340.        ]
 [ 343.33333333]
 [ 346.66666667]
 [ 350.        ]
 [ 353.33333333]
 [ 356.66666667]
 [ 360.        ]
 [ 360.        ]
 [ 363.33333333]
 [ 366.66666667]
 [ 370.        ]
 [ 373.33333333]
 [ 376.66666667]
 [ 380.        ]
 [ 383.33333333]
 [ 386.66666667]
 [ 390.        ]
 [ 390.        ]
 [ 393.33333333]
 [ 396.66666667]
 [ 400.        ]
 [ 403.33333333]
 [ 406.66666667]
 [ 410.        ]
 [ 413.33333333]
 [ 416.66666667]
 [ 420.        ]
 [ 420.        ]
 [ 423.33333333]
 [ 426.66666667]
 [ 430.        ]
 [ 433.33333333]
 [ 436.66666667]
 [ 440.        ]
 [ 443.33333333]
 [ 446.66666667]
 [ 450.        ]
 [ 450.        ]
 [ 453.33333333]
 [ 456.66666667]
 [ 460.        ]
 [ 463.33333333]
 [ 466.66666667]
 [ 470.        ]
 [ 473.33333333]
 [ 476.66666667]
 [ 480.        ]
 [ 480.        ]
 [ 483.33333333]
 [ 486.66666667]
 [ 490.        ]
 [ 493.33333333]
 [ 496.66666667]
 [ 500.        ]
 [ 503.33333333]
 [ 506.66666667]
 [ 510.        ]
 [ 510.        ]
 [ 513.33333333]
 [ 516.66666667]
 [ 520.        ]
 [ 523.33333333]
 [ 526.66666667]
 [ 530.        ]
 [ 533.33333333]
 [ 536.66666667]
 [ 540.        ]
 [ 540.        ]
 [ 543.33333333]
 [ 546.66666667]
 [ 550.        ]
 [ 553.33333333]
 [ 556.66666667]
 [ 560.        ]
 [ 563.33333333]
 [ 566.66666667]
 [ 570.        ]
 [ 570.        ]
 [ 573.33333333]
 [ 576.66666667]
 [ 580.        ]
 [ 583.33333333]
 [ 586.66666667]
 [ 590.        ]
 [ 593.33333333]
 [ 596.66666667]
 [ 600.        ]
 [ 600.        ]
 [ 603.33333333]
 [ 606.66666667]
 [ 610.        ]
 [ 613.33333333]
 [ 616.66666667]
 [ 620.        ]
 [ 623.33333333]
 [ 626.66666667]
 [ 630.        ]
 [ 630.        ]
 [ 633.33333333]
 [ 636.66666667]
 [ 640.        ]
 [ 643.33333333]
 [ 646.66666667]
 [ 650.        ]
 [ 653.33333333]
 [ 656.66666667]
 [ 660.        ]
 [ 660.        ]
 [ 663.33333333]
 [ 666.66666667]
 [ 670.        ]
 [ 673.33333333]
 [ 676.66666667]
 [ 680.        ]
 [ 683.33333333]
 [ 686.66666667]
 [ 690.        ]
 [ 690.        ]
 [ 693.33333333]
 [ 696.66666667]
 [ 700.        ]
 [ 703.33333333]
 [ 706.66666667]
 [ 710.        ]
 [ 713.33333333]
 [ 716.66666667]
 [ 720.        ]
 [ 720.        ]
 [ 723.33333333]
 [ 726.66666667]
 [ 730.        ]
 [ 733.33333333]
 [ 736.66666667]
 [ 740.        ]
 [ 743.33333333]
 [ 746.66666667]
 [ 750.        ]
 [ 750.        ]
 [ 753.33333333]
 [ 756.66666667]
 [ 760.        ]
 [ 763.33333333]
 [ 766.66666667]
 [ 770.        ]
 [ 773.33333333]
 [ 776.66666667]
 [ 780.        ]
 [ 780.        ]
 [ 783.33333333]
 [ 786.66666667]
 [ 790.        ]
 [ 793.33333333]
 [ 796.66666667]
 [ 800.        ]
 [ 803.33333333]
 [ 806.66666667]
 [ 810.        ]
 [ 810.        ]
 [ 813.33333333]
 [ 816.66666667]
 [ 820.        ]
 [ 823.33333333]
 [ 826.66666667]
 [ 830.        ]
 [ 833.33333333]
 [ 836.66666667]
 [ 840.        ]
 [ 840.        ]
 [ 843.33333333]
 [ 846.66666667]
 [ 850.        ]
 [ 853.33333333]
 [ 856.66666667]
 [ 860.        ]
 [ 863.33333333]
 [ 866.66666667]
 [ 870.        ]
 [ 870.        ]
 [ 873.33333333]
 [ 876.66666667]
 [ 880.        ]
 [ 883.33333333]
 [ 886.66666667]
 [ 890.        ]
 [ 893.33333333]
 [ 896.66666667]
 [ 900.        ]
 [ 900.        ]
 [ 903.33333333]
 [ 906.66666667]
 [ 910.        ]
 [ 913.33333333]
 [ 916.66666667]
 [ 920.        ]
 [ 923.33333333]
 [ 926.66666667]
 [ 930.        ]
 [ 930.        ]
 [ 933.33333333]
 [ 936.66666667]
 [ 940.        ]
 [ 943.33333333]
 [ 946.66666667]
 [ 950.        ]
 [ 953.33333333]
 [ 956.66666667]
 [ 960.        ]
 [ 960.        ]
 [ 963.33333333]
 [ 966.66666667]
 [ 970.        ]
 [ 973.33333333]
 [ 976.66666667]
 [ 980.        ]
 [ 983.33333333]
 [ 986.66666667]
 [ 990.        ]
 [ 990.        ]
 [ 993.33333333]
 [ 996.66666667]
 [1000.        ]
 [1003.33333333]
 [1006.66666667]
 [1010.        ]
 [1013.33333333]
 [1016.66666667]
 [1020.        ]
 [1020.        ]
 [1023.33333333]
 [1026.66666667]
 [1030.        ]
 [1033.33333333]
 [1036.66666667]
 [1040.        ]
 [1043.33333333]
 [1046.66666667]
 [1050.        ]
 [1050.        ]
 [1053.33333333]
 [1056.66666667]
 [1060.        ]
 [1063.33333333]
 [1066.66666667]
 [1070.        ]
 [1073.33333333]
 [1076.66666667]
 [1080.        ]
 [1080.        ]
 [1083.33333333]
 [1086.66666667]
 [1090.        ]
 [1093.33333333]
 [1096.66666667]
 [1100.        ]
 [1103.33333333]
 [1106.66666667]
 [1110.        ]
 [1110.        ]
 [1113.33333333]
 [1116.66666667]
 [1120.        ]
 [1123.33333333]
 [1126.66666667]
 [1130.        ]
 [1133.33333333]
 [1136.66666667]
 [1140.        ]
 [1140.        ]
 [1143.33333333]
 [1146.66666667]
 [1150.        ]
 [1153.33333333]
 [1156.66666667]
 [1160.        ]
 [1163.33333333]
 [1166.66666667]
 [1170.        ]
 [1170.        ]
 [1173.33333333]
 [1176.66666667]
 [1180.        ]
 [1183.33333333]
 [1186.66666667]
 [1190.        ]
 [1193.33333333]
 [1196.66666667]
 [1200.        ]]
phi: [[1.00000001]
 [1.00000001]
 [1.00000001]
 [1.00000001]
 [1.00000001]
 [1.00000001]
 [1.00000001]
 [1.00000001]
 [1.00000001]
 [1.00000001]
 [1.00000001]
 [1.00000001]
 [1.00000001]
 [1.00000001]
 [1.00000001]
 [1.00000001]
 [1.00000001]
 [1.00000001]
 [1.00000001]
 [1.00000001]
 [1.00000001]
 [1.00000001]
 [1.00000001]
 [1.00000001]
 [1.00000001]
 [1.00000001]
 [1.00000001]
 [1.00000001]
 [1.00000001]
 [1.00000001]
 [1.00000001]
 [0.99792645]
 [0.99116565]
 [0.97890737]
 [0.96034141]
 [0.93465753]
 [0.90104552]
 [0.85869516]
 [0.80679623]
 [0.7445385 ]
 [0.7445385 ]
 [0.69058172]
 [0.66070673]
 [0.64978496]
 [0.65268785]
 [0.66428682]
 [0.67945332]
 [0.69305877]
 [0.69997461]
 [0.69507226]
 [0.69507226]
 [0.68551867]
 [0.68109287]
 [0.68058445]
 [0.68278301]
 [0.68647815]
 [0.69045946]
 [0.69351654]
 [0.69443899]
 [0.69201639]
 [0.69201639]
 [0.68850987]
 [0.68672629]
 [0.68627386]
 [0.68676077]
 [0.68779522]
 [0.68898543]
 [0.68993959]
 [0.6902659 ]
 [0.68957257]
 [0.68957257]
 [0.68853825]
 [0.68802333]
 [0.68790869]
 [0.68807518]
 [0.68840367]
 [0.688775  ]
 [0.68907005]
 [0.68916968]
 [0.68895474]
 [0.68895474]
 [0.6886349 ]
 [0.68847487]
 [0.68843807]
 [0.68848789]
 [0.68858776]
 [0.68870108]
 [0.68879126]
 [0.68882171]
 [0.68875584]
 [0.68875584]
 [0.68865786]
 [0.68860888]
 [0.6885977 ]
 [0.68861307]
 [0.68864377]
 [0.68867859]
 [0.68870629]
 [0.68871566]
 [0.68869546]
 [0.68869546]
 [0.68866539]
 [0.68865035]
 [0.68864689]
 [0.68865157]
 [0.68866096]
 [0.68867163]
 [0.68868012]
 [0.68868302]
 [0.68867687]
 [0.68867687]
 [0.6886677 ]
 [0.68866309]
 [0.68866202]
 [0.68866343]
 [0.68866628]
 [0.68866953]
 [0.68867212]
 [0.68867301]
 [0.68867116]
 [0.68867116]
 [0.68866838]
 [0.68866698]
 [0.68866664]
 [0.68866704]
 [0.68866789]
 [0.68866886]
 [0.68866964]
 [0.68866992]
 [0.68866939]
 [0.68866939]
 [0.68866858]
 [0.68866816]
 [0.68866804]
 [0.68866814]
 [0.68866837]
 [0.68866865]
 [0.68866888]
 [0.68866897]
 [0.68866885]
 [0.68866885]
 [0.68866865]
 [0.68866853]
 [0.68866849]
 [0.6886685 ]
 [0.68866855]
 [0.68866861]
 [0.68866867]
 [0.6886687 ]
 [0.68866869]
 [0.68866869]
 [0.68866866]
 [0.68866863]
 [0.68866861]
 [0.6886686 ]
 [0.68866859]
 [0.68866859]
 [0.6886686 ]
 [0.68866861]
 [0.68866864]
 [0.68866864]
 [0.68866865]
 [0.68866865]
 [0.68866864]
 [0.68866862]
 [0.6886686 ]
 [0.68866858]
 [0.68866858]
 [0.68866859]
 [0.68866862]
 [0.68866862]
 [0.68866866]
 [0.68866866]
 [0.68866865]
 [0.68866864]
 [0.68866861]
 [0.68866859]
 [0.68866858]
 [0.68866859]
 [0.68866863]
 [0.68866863]
 [0.68866866]
 [0.68866867]
 [0.68866866]
 [0.68866864]
 [0.68866862]
 [0.6886686 ]
 [0.68866859]
 [0.6886686 ]
 [0.68866863]
 [0.68866863]
 [0.68866866]
 [0.68866867]
 [0.68866866]
 [0.68866864]
 [0.68866862]
 [0.6886686 ]
 [0.68866859]
 [0.6886686 ]
 [0.68866863]
 [0.68866863]
 [0.68866866]
 [0.68866867]
 [0.68866866]
 [0.68866865]
 [0.68866862]
 [0.68866861]
 [0.6886686 ]
 [0.6886686 ]
 [0.68866864]
 [0.68866864]
 [0.68866867]
 [0.68866868]
 [0.68866867]
 [0.68866865]
 [0.68866863]
 [0.68866861]
 [0.6886686 ]
 [0.68866861]
 [0.68866864]
 [0.68866864]
 [0.68866867]
 [0.68866868]
 [0.68866867]
 [0.68866865]
 [0.68866863]
 [0.68866861]
 [0.6886686 ]
 [0.68866861]
 [0.68866864]
 [0.68866864]
 [0.68866867]
 [0.68866868]
 [0.68866867]
 [0.68866865]
 [0.68866862]
 [0.6886686 ]
 [0.6886686 ]
 [0.6886686 ]
 [0.68866864]
 [0.68866864]
 [0.68866867]
 [0.68866868]
 [0.68866867]
 [0.68866864]
 [0.68866862]
 [0.6886686 ]
 [0.68866859]
 [0.6886686 ]
 [0.68866864]
 [0.68866864]
 [0.68866867]
 [0.68866868]
 [0.68866866]
 [0.68866863]
 [0.6886686 ]
 [0.68866858]
 [0.68866858]
 [0.6886686 ]
 [0.68866866]
 [0.68866866]
 [0.68866871]
 [0.68866871]
 [0.68866868]
 [0.68866863]
 [0.68866858]
 [0.68866855]
 [0.68866855]
 [0.6886686 ]
 [0.68866871]
 [0.68866871]
 [0.68866879]
 [0.68866877]
 [0.68866869]
 [0.68866858]
 [0.68866847]
 [0.68866841]
 [0.68866843]
 [0.68866857]
 [0.68866886]
 [0.68866886]
 [0.68866906]
 [0.68866898]
 [0.68866873]
 [0.68866841]
 [0.68866812]
 [0.68866797]
 [0.68866806]
 [0.6886685 ]
 [0.68866939]
 [0.68866939]
 [0.68867   ]
 [0.68866974]
 [0.68866895]
 [0.68866794]
 [0.68866704]
 [0.68866659]
 [0.6886669 ]
 [0.6886683 ]
 [0.68867111]
 [0.68867111]
 [0.68867302]
 [0.68867217]
 [0.6886696 ]
 [0.68866636]
 [0.68866349]
 [0.68866205]
 [0.68866308]
 [0.68866761]
 [0.68867671]
 [0.68867671]
 [0.68868283]
 [0.68868001]
 [0.68867165]
 [0.68866113]
 [0.68865185]
 [0.68864721]
 [0.68865058]
 [0.68866537]
 [0.68869497]
 [0.68869497]
 [0.68871487]
 [0.68870569]
 [0.68867846]
 [0.68864422]
 [0.68861401]
 [0.68859888]
 [0.68860986]
 [0.688658  ]
 [0.68875434]
 [0.68875434]
 [0.68881912]
 [0.68878923]
 [0.68870061]
 [0.68858923]
 [0.68849106]
 [0.68844206]
 [0.6884782 ]
 [0.68863542]
 [0.68894971]
 [0.68894971]
 [0.68916098]
 [0.68906319]
 [0.68877337]
 [0.68840854]
 [0.68808573]
 [0.68792198]
 [0.6880343 ]
 [0.68853973]
 [0.68955529]
 [0.68955529]
 [0.69023619]
 [0.68991603]
 [0.68897941]
 [0.68781094]
 [0.68679524]
 [0.68631693]
 [0.6867606 ]
 [0.68851088]
 [0.69195236]
 [0.69195236]
 [0.69433467]
 [0.69343948]
 [0.69044959]
 [0.68654775]
 [0.68291675]
 [0.68073934]
 [0.68119831]
 [0.68547642]
 [0.69475644]
 [0.69475644]
 [0.69957668]
 [0.69297254]
 [0.67987244]
 [0.66520482]
 [0.65389809]
 [0.65088068]
 [0.66108102]
 [0.68942752]
 [0.74084863]
 [0.74084863]
 [0.80077878]
 [0.8517131 ]
 [0.89417097]
 [0.92867183]
 [0.95573506]
 [0.97588009]
 [0.98962632]
 [0.99749315]
 [1.00000001]
 [1.00000001]
 [1.00000001]
 [1.00000001]
 [1.00000001]
 [1.00000001]
 [1.00000001]
 [1.00000001]
 [1.00000001]
 [1.00000001]
 [1.00000001]]
f0: [[0.99070579]
 [0.97444137]
 [0.95666978]
 [0.93732885]
 [0.91637137]
 [0.89376901]
 [0.86951624]
 [0.84363406]
 [0.81617322]
 [0.78721666]
 [0.78721666]
 [0.75688097]
 [0.72531631]
 [0.69270495]
 [0.65925803]
 [0.6252109 ]
 [0.59081681]
 [0.55633952]
 [0.5220453 ]
 [0.48819486]
 [0.48819486]
 [0.45503573]
 [0.42279459]
 [0.39167134]
 [0.36183543]
 [0.3334266 ]
 [0.30655285]
 [0.28128543]
 [0.25765783]
 [0.23567553]
 [0.23567553]
 [0.21537202]
 [0.19687049]
 [0.18031226]
 [0.16581965]
 [0.153461  ]
 [0.1432698 ]
 [0.13530028]
 [0.12966823]
 [0.1265254 ]
 [0.1265254 ]
 [0.12571045]
 [0.12646222]
 [0.12798564]
 [0.12960096]
 [0.13084853]
 [0.13149197]
 [0.13152664]
 [0.13117112]
 [0.13081063]
 [0.13081063]
 [0.13075631]
 [0.13097602]
 [0.1313175 ]
 [0.13161757]
 [0.1317779 ]
 [0.13176524]
 [0.13160694]
 [0.13138248]
 [0.13120342]
 [0.13120342]
 [0.13114827]
 [0.13119724]
 [0.13129692]
 [0.13139281]
 [0.13145118]
 [0.13145881]
 [0.13142159]
 [0.13136228]
 [0.1313146 ]
 [0.1313146 ]
 [0.1313029 ]
 [0.13132159]
 [0.13135463]
 [0.13138562]
 [0.13140451]
 [0.13140748]
 [0.1313965 ]
 [0.13137869]
 [0.13136449]
 [0.13136449]
 [0.13136141]
 [0.13136771]
 [0.13137846]
 [0.13138861]
 [0.13139505]
 [0.13139661]
 [0.13139389]
 [0.13138904]
 [0.13138528]
 [0.13138528]
 [0.1313849 ]
 [0.13138737]
 [0.13139117]
 [0.13139477]
 [0.1313972 ]
 [0.13139812]
 [0.1313977 ]
 [0.13139661]
 [0.13139583]
 [0.13139583]
 [0.13139608]
 [0.13139718]
 [0.13139868]
 [0.13140011]
 [0.13140116]
 [0.13140174]
 [0.13140189]
 [0.13140183]
 [0.13140184]
 [0.13140184]
 [0.13140216]
 [0.13140273]
 [0.13140342]
 [0.13140407]
 [0.13140459]
 [0.13140497]
 [0.13140521]
 [0.13140537]
 [0.13140555]
 [0.13140555]
 [0.13140581]
 [0.13140614]
 [0.1314065 ]
 [0.13140684]
 [0.13140714]
 [0.13140739]
 [0.13140759]
 [0.13140777]
 [0.13140794]
 [0.13140794]
 [0.13140813]
 [0.13140833]
 [0.13140854]
 [0.13140875]
 [0.13140893]
 [0.1314091 ]
 [0.13140925]
 [0.13140938]
 [0.13140951]
 [0.13140951]
 [0.13140965]
 [0.13140978]
 [0.13140991]
 [0.13141004]
 [0.13141015]
 [0.13141027]
 [0.13141037]
 [0.13141047]
 [0.13141056]
 [0.13141056]
 [0.13141065]
 [0.13141074]
 [0.13141082]
 [0.1314109 ]
 [0.13141098]
 [0.13141106]
 [0.13141113]
 [0.1314112 ]
 [0.13141126]
 [0.13141126]
 [0.13141132]
 [0.13141138]
 [0.13141144]
 [0.13141149]
 [0.13141154]
 [0.13141159]
 [0.13141164]
 [0.13141169]
 [0.13141173]
 [0.13141173]
 [0.13141177]
 [0.13141181]
 [0.13141185]
 [0.13141188]
 [0.13141192]
 [0.13141195]
 [0.13141199]
 [0.13141202]
 [0.13141205]
 [0.13141205]
 [0.13141208]
 [0.1314121 ]
 [0.13141212]
 [0.13141215]
 [0.13141217]
 [0.13141219]
 [0.13141222]
 [0.13141224]
 [0.13141226]
 [0.13141226]
 [0.13141228]
 [0.13141229]
 [0.13141231]
 [0.13141232]
 [0.13141234]
 [0.13141236]
 [0.13141237]
 [0.13141239]
 [0.1314124 ]
 [0.1314124 ]
 [0.13141241]
 [0.13141242]
 [0.13141243]
 [0.13141244]
 [0.13141245]
 [0.13141246]
 [0.13141247]
 [0.13141248]
 [0.13141249]
 [0.13141249]
 [0.1314125 ]
 [0.13141251]
 [0.13141251]
 [0.13141252]
 [0.13141253]
 [0.13141253]
 [0.13141254]
 [0.13141255]
 [0.13141256]
 [0.13141256]
 [0.13141256]
 [0.13141256]
 [0.13141257]
 [0.13141257]
 [0.13141258]
 [0.13141258]
 [0.13141259]
 [0.13141259]
 [0.1314126 ]
 [0.1314126 ]
 [0.1314126 ]
 [0.1314126 ]
 [0.1314126 ]
 [0.13141261]
 [0.13141261]
 [0.13141261]
 [0.13141262]
 [0.13141262]
 [0.13141262]
 [0.13141262]
 [0.13141263]
 [0.13141263]
 [0.13141263]
 [0.13141263]
 [0.13141263]
 [0.13141264]
 [0.13141264]
 [0.13141264]
 [0.13141264]
 [0.13141264]
 [0.13141265]
 [0.13141265]
 [0.13141265]
 [0.13141265]
 [0.13141265]
 [0.13141265]
 [0.13141266]
 [0.13141266]
 [0.13141266]
 [0.13141266]
 [0.13141266]
 [0.13141266]
 [0.13141266]
 [0.13141266]
 [0.13141266]
 [0.13141266]
 [0.13141267]
 [0.13141267]
 [0.13141267]
 [0.13141267]
 [0.13141267]
 [0.13141266]
 [0.13141266]
 [0.13141266]
 [0.13141266]
 [0.13141267]
 [0.13141268]
 [0.13141269]
 [0.13141268]
 [0.13141268]
 [0.13141267]
 [0.13141266]
 [0.13141265]
 [0.13141265]
 [0.13141267]
 [0.13141269]
 [0.13141272]
 [0.13141273]
 [0.13141272]
 [0.13141272]
 [0.13141268]
 [0.13141263]
 [0.1314126 ]
 [0.13141261]
 [0.13141265]
 [0.13141273]
 [0.1314128 ]
 [0.13141285]
 [0.1314128 ]
 [0.1314128 ]
 [0.13141267]
 [0.13141252]
 [0.13141243]
 [0.13141246]
 [0.1314126 ]
 [0.13141283]
 [0.13141308]
 [0.13141322]
 [0.13141307]
 [0.13141307]
 [0.13141264]
 [0.13141216]
 [0.13141188]
 [0.13141196]
 [0.13141241]
 [0.13141317]
 [0.13141398]
 [0.13141443]
 [0.13141396]
 [0.13141396]
 [0.13141254]
 [0.13141099]
 [0.13141007]
 [0.13141033]
 [0.13141182]
 [0.13141426]
 [0.13141691]
 [0.13141836]
 [0.13141685]
 [0.13141685]
 [0.13141223]
 [0.13140717]
 [0.1314042 ]
 [0.13140502]
 [0.13140986]
 [0.13141781]
 [0.13142642]
 [0.1314311 ]
 [0.13142609]
 [0.13142609]
 [0.131411  ]
 [0.13139443]
 [0.13138473]
 [0.13138742]
 [0.13140331]
 [0.13142946]
 [0.13145793]
 [0.13147378]
 [0.13145836]
 [0.13145836]
 [0.13141032]
 [0.13135763]
 [0.13132715]
 [0.13133647]
 [0.13138774]
 [0.13147078]
 [0.13155899]
 [0.13160292]
 [0.13154089]
 [0.13154089]
 [0.13136749]
 [0.13117379]
 [0.13104921]
 [0.13105529]
 [0.13120626]
 [0.1314801 ]
 [0.13180153]
 [0.13202194]
 [0.13195527]
 [0.13195527]
 [0.13160892]
 [0.13131274]
 [0.1313657 ]
 [0.13193493]
 [0.13299221]
 [0.1343325 ]
 [0.1355433 ]
 [0.13598024]
 [0.13484777]
 [0.13484777]
 [0.13163653]
 [0.12655827]
 [0.12011086]
 [0.11284678]
 [0.10522155]
 [0.09758121]
 [0.09018545]
 [0.08323533]
 [0.07687918]
 [0.07687918]
 [0.07117448]
 [0.06608886]
 [0.06156387]
 [0.05753776]
 [0.05395598]
 [0.05077163]
 [0.04794332]
 [0.04543361]
 [0.04321089]]
J: [[ 0.        ]
 [-0.10714555]
 [-0.2123785 ]
 [-0.31552581]
 [-0.41640821]
 [-0.51484218]
 [-0.61064227]
 [-0.70362385]
 [-0.79360627]
 [-0.88041639]
 [-0.88041639]
 [-0.96389234]
 [-1.04388718]
 [-1.1202727 ]
 [-1.19294288]
 [-1.26181679]
 [-1.32684093]
 [-1.38799106]
 [-1.44527301]
 [-1.49872217]
 [-1.49872217]
 [-1.54840202]
 [-1.59440356]
 [-1.63684292]
 [-1.67585665]
 [-1.71159499]
 [-1.74422005]
 [-1.77390786]
 [-1.80084731]
 [-1.82522917]
 [-1.82522917]
 [-1.84718948]
 [-1.86675909]
 [-1.88394994]
 [-1.89879447]
 [-1.91137143]
 [-1.92178276]
 [-1.93010241]
 [-1.93633861]
 [-1.9404514 ]
 [-1.9404514 ]
 [-1.94263429]
 [-1.94353239]
 [-1.94379462]
 [-1.94397627]
 [-1.94445889]
 [-1.94544293]
 [-1.94693561]
 [-1.94875495]
 [-1.95057802]
 [-1.95057802]
 [-1.95214547]
 [-1.95348432]
 [-1.95472142]
 [-1.95599288]
 [-1.95738105]
 [-1.95891394]
 [-1.9605687 ]
 [-1.96227874]
 [-1.96395071]
 [-1.96395071]
 [-1.96551911]
 [-1.96700054]
 [-1.9684396 ]
 [-1.96988182]
 [-1.97135538]
 [-1.97287136]
 [-1.97442484]
 [-1.97599678]
 [-1.97755899]
 [-1.97755899]
 [-1.97909112]
 [-1.98059786]
 [-1.98209261]
 [-1.98358906]
 [-1.98509564]
 [-1.98661551]
 [-1.98814705]
 [-1.9896843 ]
 [-1.99121853]
 [-1.99121853]
 [-1.99274347]
 [-1.99426057]
 [-1.99577394]
 [-1.99728782]
 [-1.99880479]
 [-2.00032585]
 [-2.00185049]
 [-2.0033769 ]
 [-2.00490241]
 [-2.00490241]
 [-2.00642509]
 [-2.00794539]
 [-2.00946457]
 [-2.01098392]
 [-2.01250425]
 [-2.01402585]
 [-2.01554856]
 [-2.01707183]
 [-2.01859484]
 [-2.01859484]
 [-2.020117  ]
 [-2.02163844]
 [-2.02315954]
 [-2.02468071]
 [-2.02620219]
 [-2.02772408]
 [-2.02924631]
 [-2.03076872]
 [-2.03229107]
 [-2.03229107]
 [-2.03381316]
 [-2.03533505]
 [-2.03685684]
 [-2.03837866]
 [-2.03990058]
 [-2.04142263]
 [-2.04294479]
 [-2.04446702]
 [-2.04598923]
 [-2.04598923]
 [-2.04751137]
 [-2.04903346]
 [-2.05055552]
 [-2.05207759]
 [-2.0535997 ]
 [-2.05512186]
 [-2.05664405]
 [-2.05816627]
 [-2.05968848]
 [-2.05968848]
 [-2.06121069]
 [-2.06273288]
 [-2.06425506]
 [-2.06577725]
 [-2.06729946]
 [-2.06882168]
 [-2.07034392]
 [-2.07186617]
 [-2.07338842]
 [-2.07338842]
 [-2.07491067]
 [-2.07643292]
 [-2.07795517]
 [-2.07947743]
 [-2.08099969]
 [-2.08252196]
 [-2.08404424]
 [-2.08556652]
 [-2.0870888 ]
 [-2.0870888 ]
 [-2.08861109]
 [-2.09013337]
 [-2.09165567]
 [-2.09317796]
 [-2.09470025]
 [-2.09622255]
 [-2.09774485]
 [-2.09926716]
 [-2.10078947]
 [-2.10078947]
 [-2.10231178]
 [-2.10383409]
 [-2.10535641]
 [-2.10687872]
 [-2.10840104]
 [-2.10992336]
 [-2.11144568]
 [-2.112968  ]
 [-2.11449033]
 [-2.11449033]
 [-2.11601265]
 [-2.11753498]
 [-2.11905732]
 [-2.12057965]
 [-2.12210198]
 [-2.12362431]
 [-2.12514665]
 [-2.12666898]
 [-2.12819132]
 [-2.12819132]
 [-2.12971366]
 [-2.131236  ]
 [-2.13275834]
 [-2.13428068]
 [-2.13580302]
 [-2.13732537]
 [-2.13884771]
 [-2.14037005]
 [-2.1418924 ]
 [-2.1418924 ]
 [-2.14341474]
 [-2.14493709]
 [-2.14645944]
 [-2.14798179]
 [-2.14950414]
 [-2.15102649]
 [-2.15254883]
 [-2.15407118]
 [-2.15559353]
 [-2.15559353]
 [-2.15711588]
 [-2.15863824]
 [-2.16016059]
 [-2.16168294]
 [-2.1632053 ]
 [-2.16472765]
 [-2.16625   ]
 [-2.16777236]
 [-2.16929471]
 [-2.16929471]
 [-2.17081706]
 [-2.17233942]
 [-2.17386178]
 [-2.17538413]
 [-2.17690649]
 [-2.17842884]
 [-2.1799512 ]
 [-2.18147356]
 [-2.18299591]
 [-2.18299591]
 [-2.18451827]
 [-2.18604063]
 [-2.18756299]
 [-2.18908534]
 [-2.1906077 ]
 [-2.19213006]
 [-2.19365242]
 [-2.19517477]
 [-2.19669713]
 [-2.19669713]
 [-2.19821949]
 [-2.19974185]
 [-2.20126421]
 [-2.20278657]
 [-2.20430893]
 [-2.20583129]
 [-2.20735364]
 [-2.208876  ]
 [-2.21039836]
 [-2.21039836]
 [-2.21192072]
 [-2.21344308]
 [-2.21496544]
 [-2.2164878 ]
 [-2.21801016]
 [-2.21953252]
 [-2.22105488]
 [-2.22257724]
 [-2.2240996 ]
 [-2.2240996 ]
 [-2.22562196]
 [-2.22714432]
 [-2.22866668]
 [-2.23018904]
 [-2.2317114 ]
 [-2.23323376]
 [-2.23475612]
 [-2.23627848]
 [-2.23780084]
 [-2.23780084]
 [-2.2393232 ]
 [-2.24084557]
 [-2.24236793]
 [-2.24389029]
 [-2.24541265]
 [-2.24693501]
 [-2.24845737]
 [-2.24997972]
 [-2.25150209]
 [-2.25150209]
 [-2.25302445]
 [-2.25454682]
 [-2.25606918]
 [-2.25759154]
 [-2.2591139 ]
 [-2.26063625]
 [-2.26215861]
 [-2.26368096]
 [-2.26520333]
 [-2.26520333]
 [-2.2667257 ]
 [-2.26824807]
 [-2.26977044]
 [-2.2712928 ]
 [-2.27281515]
 [-2.27433749]
 [-2.27585983]
 [-2.27738218]
 [-2.27890455]
 [-2.27890455]
 [-2.28042695]
 [-2.28194935]
 [-2.28347173]
 [-2.28499409]
 [-2.28651642]
 [-2.28803872]
 [-2.28956101]
 [-2.29108334]
 [-2.29260574]
 [-2.29260574]
 [-2.29412821]
 [-2.2956507 ]
 [-2.29717313]
 [-2.29869547]
 [-2.30021772]
 [-2.30173989]
 [-2.30326204]
 [-2.30478429]
 [-2.30630677]
 [-2.30630677]
 [-2.30782949]
 [-2.30935225]
 [-2.31087485]
 [-2.31239714]
 [-2.31391912]
 [-2.31544086]
 [-2.31696254]
 [-2.31848453]
 [-2.32000728]
 [-2.32000728]
 [-2.32153082]
 [-2.32305449]
 [-2.32457761]
 [-2.32609976]
 [-2.32762088]
 [-2.3291412 ]
 [-2.33066134]
 [-2.33218249]
 [-2.33370612]
 [-2.33370612]
 [-2.33523234]
 [-2.33675893]
 [-2.33828378]
 [-2.33980546]
 [-2.34132377]
 [-2.34283948]
 [-2.34435465]
 [-2.3458731 ]
 [-2.34739964]
 [-2.34739964]
 [-2.34893462]
 [-2.35047083]
 [-2.3520013 ]
 [-2.35352142]
 [-2.3550305 ]
 [-2.356531  ]
 [-2.35802956]
 [-2.35953866]
 [-2.36107391]
 [-2.36107391]
 [-2.36263644]
 [-2.36420284]
 [-2.36575067]
 [-2.36726524]
 [-2.36874475]
 [-2.37019768]
 [-2.37164628]
 [-2.37313189]
 [-2.3747061 ]
 [-2.3747061 ]
 [-2.37637342]
 [-2.37805764]
 [-2.37968402]
 [-2.38120125]
 [-2.38259746]
 [-2.38389092]
 [-2.38514439]
 [-2.38648215]
 [-2.38806008]
 [-2.38806008]
 [-2.3898722 ]
 [-2.39164209]
 [-2.39311974]
 [-2.39416529]
 [-2.3948007 ]
 [-2.39519504]
 [-2.39569395]
 [-2.39684248]
 [-2.39931315]
 [-2.39931315]
 [-2.40352339]
 [-2.40925391]
 [-2.41602897]
 [-2.42333428]
 [-2.43075544]
 [-2.43798939]
 [-2.44482322]
 [-2.451108  ]
 [-2.45675085]
 [-2.45675085]
 [-2.46173765]
 [-2.46611672]
 [-2.46995226]
 [-2.47330714]
 [-2.47623614]
 [-2.47878632]
 [-2.48099927]
 [-2.48291289]
 [-2.48455971]]
