times: [[   0.        ]
 [   3.33333333]
 [   6.66666667]
 [  10.        ]
 [  13.33333333]
 [  16.66666667]
 [  20.        ]
 [  23.33333333]
 [  26.66666667]
 [  30.        ]
 [  30.        ]
 [  33.33333333]
 [  36.66666667]
 [  40.        ]
 [  43.33333333]
 [  46.66666667]
 [  50.        ]
 [  53.33333333]
 [  56.66666667]
 [  60.        ]
 [  60.        ]
 [  63.33333333]
 [  66.66666667]
 [  70.        ]
 [  73.33333333]
 [  76.66666667]
 [  80.        ]
 [  83.33333333]
 [  86.66666667]
 [  90.        ]
 [  90.        ]
 [  93.33333333]
 [  96.66666667]
 [ 100.        ]
 [ 103.33333333]
 [ 106.66666667]
 [ 110.        ]
 [ 113.33333333]
 [ 116.66666667]
 [ 120.        ]
 [ 120.        ]
 [ 123.33333333]
 [ 126.66666667]
 [ 130.        ]
 [ 133.33333333]
 [ 136.66666667]
 [ 140.        ]
 [ 143.33333333]
 [ 146.66666667]
 [ 150.        ]
 [ 150.        ]
 [ 153.33333333]
 [ 156.66666667]
 [ 160.        ]
 [ 163.33333333]
 [ 166.66666667]
 [ 170.        ]
 [ 173.33333333]
 [ 176.66666667]
 [ 180.        ]
 [ 180.        ]
 [ 183.33333333]
 [ 186.66666667]
 [ 190.        ]
 [ 193.33333333]
 [ 196.66666667]
 [ 200.        ]
 [ 203.33333333]
 [ 206.66666667]
 [ 210.        ]
 [ 210.        ]
 [ 213.33333333]
 [ 216.66666667]
 [ 220.        ]
 [ 223.33333333]
 [ 226.66666667]
 [ 230.        ]
 [ 233.33333333]
 [ 236.66666667]
 [ 240.        ]
 [ 240.        ]
 [ 243.33333333]
 [ 246.66666667]
 [ 250.        ]
 [ 253.33333333]
 [ 256.66666667]
 [ 260.        ]
 [ 263.33333333]
 [ 266.66666667]
 [ 270.        ]
 [ 270.        ]
 [ 273.33333333]
 [ 276.66666667]
 [ 280.        ]
 [ 283.33333333]
 [ 286.66666667]
 [ 290.        ]
 [ 293.33333333]
 [ 296.66666667]
 [ 300.        ]
 [ 300.        ]
 [ 303.33333333]
 [ 306.66666667]
 [ 310.        ]
 [ 313.33333333]
 [ 316.66666667]
 [ 320.        ]
 [ 323.33333333]
 [ 326.66666667]
 [ 330.        ]
 [ 330.        ]
 [ 333.33333333]
 [ 336.66666667]
 [ 340.        ]
 [ 343.33333333]
 [ 346.66666667]
 [ 350.        ]
 [ 353.33333333]
 [ 356.66666667]
 [ 360.        ]
 [ 360.        ]
 [ 363.33333333]
 [ 366.66666667]
 [ 370.        ]
 [ 373.33333333]
 [ 376.66666667]
 [ 380.        ]
 [ 383.33333333]
 [ 386.66666667]
 [ 390.        ]
 [ 390.        ]
 [ 393.33333333]
 [ 396.66666667]
 [ 400.        ]
 [ 403.33333333]
 [ 406.66666667]
 [ 410.        ]
 [ 413.33333333]
 [ 416.66666667]
 [ 420.        ]
 [ 420.        ]
 [ 423.33333333]
 [ 426.66666667]
 [ 430.        ]
 [ 433.33333333]
 [ 436.66666667]
 [ 440.        ]
 [ 443.33333333]
 [ 446.66666667]
 [ 450.        ]
 [ 450.        ]
 [ 453.33333333]
 [ 456.66666667]
 [ 460.        ]
 [ 463.33333333]
 [ 466.66666667]
 [ 470.        ]
 [ 473.33333333]
 [ 476.66666667]
 [ 480.        ]
 [ 480.        ]
 [ 483.33333333]
 [ 486.66666667]
 [ 490.        ]
 [ 493.33333333]
 [ 496.66666667]
 [ 500.        ]
 [ 503.33333333]
 [ 506.66666667]
 [ 510.        ]
 [ 510.        ]
 [ 513.33333333]
 [ 516.66666667]
 [ 520.        ]
 [ 523.33333333]
 [ 526.66666667]
 [ 530.        ]
 [ 533.33333333]
 [ 536.66666667]
 [ 540.        ]
 [ 540.        ]
 [ 543.33333333]
 [ 546.66666667]
 [ 550.        ]
 [ 553.33333333]
 [ 556.66666667]
 [ 560.        ]
 [ 563.33333333]
 [ 566.66666667]
 [ 570.        ]
 [ 570.        ]
 [ 573.33333333]
 [ 576.66666667]
 [ 580.        ]
 [ 583.33333333]
 [ 586.66666667]
 [ 590.        ]
 [ 593.33333333]
 [ 596.66666667]
 [ 600.        ]
 [ 600.        ]
 [ 603.33333333]
 [ 606.66666667]
 [ 610.        ]
 [ 613.33333333]
 [ 616.66666667]
 [ 620.        ]
 [ 623.33333333]
 [ 626.66666667]
 [ 630.        ]
 [ 630.        ]
 [ 633.33333333]
 [ 636.66666667]
 [ 640.        ]
 [ 643.33333333]
 [ 646.66666667]
 [ 650.        ]
 [ 653.33333333]
 [ 656.66666667]
 [ 660.        ]
 [ 660.        ]
 [ 663.33333333]
 [ 666.66666667]
 [ 670.        ]
 [ 673.33333333]
 [ 676.66666667]
 [ 680.        ]
 [ 683.33333333]
 [ 686.66666667]
 [ 690.        ]
 [ 690.        ]
 [ 693.33333333]
 [ 696.66666667]
 [ 700.        ]
 [ 703.33333333]
 [ 706.66666667]
 [ 710.        ]
 [ 713.33333333]
 [ 716.66666667]
 [ 720.        ]
 [ 720.        ]
 [ 723.33333333]
 [ 726.66666667]
 [ 730.        ]
 [ 733.33333333]
 [ 736.66666667]
 [ 740.        ]
 [ 743.33333333]
 [ 746.66666667]
 [ 750.        ]
 [ 750.        ]
 [ 753.33333333]
 [ 756.66666667]
 [ 760.        ]
 [ 763.33333333]
 [ 766.66666667]
 [ 770.        ]
 [ 773.33333333]
 [ 776.66666667]
 [ 780.        ]
 [ 780.        ]
 [ 783.33333333]
 [ 786.66666667]
 [ 790.        ]
 [ 793.33333333]
 [ 796.66666667]
 [ 800.        ]
 [ 803.33333333]
 [ 806.66666667]
 [ 810.        ]
 [ 810.        ]
 [ 813.33333333]
 [ 816.66666667]
 [ 820.        ]
 [ 823.33333333]
 [ 826.66666667]
 [ 830.        ]
 [ 833.33333333]
 [ 836.66666667]
 [ 840.        ]
 [ 840.        ]
 [ 843.33333333]
 [ 846.66666667]
 [ 850.        ]
 [ 853.33333333]
 [ 856.66666667]
 [ 860.        ]
 [ 863.33333333]
 [ 866.66666667]
 [ 870.        ]
 [ 870.        ]
 [ 873.33333333]
 [ 876.66666667]
 [ 880.        ]
 [ 883.33333333]
 [ 886.66666667]
 [ 890.        ]
 [ 893.33333333]
 [ 896.66666667]
 [ 900.        ]
 [ 900.        ]
 [ 903.33333333]
 [ 906.66666667]
 [ 910.        ]
 [ 913.33333333]
 [ 916.66666667]
 [ 920.        ]
 [ 923.33333333]
 [ 926.66666667]
 [ 930.        ]
 [ 930.        ]
 [ 933.33333333]
 [ 936.66666667]
 [ 940.        ]
 [ 943.33333333]
 [ 946.66666667]
 [ 950.        ]
 [ 953.33333333]
 [ 956.66666667]
 [ 960.        ]
 [ 960.        ]
 [ 963.33333333]
 [ 966.66666667]
 [ 970.        ]
 [ 973.33333333]
 [ 976.66666667]
 [ 980.        ]
 [ 983.33333333]
 [ 986.66666667]
 [ 990.        ]
 [ 990.        ]
 [ 993.33333333]
 [ 996.66666667]
 [1000.        ]
 [1003.33333333]
 [1006.66666667]
 [1010.        ]
 [1013.33333333]
 [1016.66666667]
 [1020.        ]
 [1020.        ]
 [1023.33333333]
 [1026.66666667]
 [1030.        ]
 [1033.33333333]
 [1036.66666667]
 [1040.        ]
 [1043.33333333]
 [1046.66666667]
 [1050.        ]
 [1050.        ]
 [1053.33333333]
 [1056.66666667]
 [1060.        ]
 [1063.33333333]
 [1066.66666667]
 [1070.        ]
 [1073.33333333]
 [1076.66666667]
 [1080.        ]
 [1080.        ]
 [1083.33333333]
 [1086.66666667]
 [1090.        ]
 [1093.33333333]
 [1096.66666667]
 [1100.        ]
 [1103.33333333]
 [1106.66666667]
 [1110.        ]
 [1110.        ]
 [1113.33333333]
 [1116.66666667]
 [1120.        ]
 [1123.33333333]
 [1126.66666667]
 [1130.        ]
 [1133.33333333]
 [1136.66666667]
 [1140.        ]
 [1140.        ]
 [1143.33333333]
 [1146.66666667]
 [1150.        ]
 [1153.33333333]
 [1156.66666667]
 [1160.        ]
 [1163.33333333]
 [1166.66666667]
 [1170.        ]
 [1170.        ]
 [1173.33333333]
 [1176.66666667]
 [1180.        ]
 [1183.33333333]
 [1186.66666667]
 [1190.        ]
 [1193.33333333]
 [1196.66666667]
 [1200.        ]]
phi: [[ 4.08315789]
 [ 1.45545434]
 [ 0.0358381 ]
 [-0.4457134 ]
 [-0.25922277]
 [ 0.3252874 ]
 [ 1.03779453]
 [ 1.60827602]
 [ 1.76670929]
 [ 1.24307173]
 [ 1.24307173]
 [ 0.51649976]
 [ 0.18176953]
 [ 0.14231799]
 [ 0.30158214]
 [ 0.56299895]
 [ 0.83000539]
 [ 1.00603845]
 [ 0.9945351 ]
 [ 0.69893233]
 [ 0.69893233]
 [ 0.36072393]
 [ 0.24545865]
 [ 0.29265588]
 [ 0.44183502]
 [ 0.63251545]
 [ 0.80421655]
 [ 0.89645772]
 [ 0.84875835]
 [ 0.60063782]
 [ 0.60063782]
 [ 0.34083058]
 [ 0.26429612]
 [ 0.31989144]
 [ 0.45647352]
 [ 0.62289937]
 [ 0.76802596]
 [ 0.84071029]
 [ 0.78980936]
 [ 0.56418015]
 [ 0.56418015]
 [ 0.33352472]
 [ 0.27016883]
 [ 0.32690502]
 [ 0.45652579]
 [ 0.61182367]
 [ 0.74559118]
 [ 0.81062086]
 [ 0.75970522]
 [ 0.54563678]
 [ 0.54563678]
 [ 0.32900436]
 [ 0.2717287 ]
 [ 0.32860022]
 [ 0.45440937]
 [ 0.60394656]
 [ 0.73200222]
 [ 0.79336678]
 [ 0.74283067]
 [ 0.53518432]
 [ 0.53518432]
 [ 0.3260901 ]
 [ 0.27195976]
 [ 0.3287078 ]
 [ 0.45224871]
 [ 0.59849698]
 [ 0.72336709]
 [ 0.78277355]
 [ 0.73263083]
 [ 0.52885344]
 [ 0.52885344]
 [ 0.32416601]
 [ 0.27176111]
 [ 0.32825511]
 [ 0.45026439]
 [ 0.59440533]
 [ 0.71729431]
 [ 0.77554769]
 [ 0.72578186]
 [ 0.5246132 ]
 [ 0.5246132 ]
 [ 0.32279192]
 [ 0.27140075]
 [ 0.32755482]
 [ 0.44836928]
 [ 0.59095925]
 [ 0.71243986]
 [ 0.76992625]
 [ 0.72053355]
 [ 0.5213769 ]
 [ 0.5213769 ]
 [ 0.32168458]
 [ 0.27095536]
 [ 0.32671012]
 [ 0.44646971]
 [ 0.58775501]
 [ 0.70808687]
 [ 0.76498617]
 [ 0.71597376]
 [ 0.51857053]
 [ 0.51857053]
 [ 0.32067832]
 [ 0.27044432]
 [ 0.32575737]
 [ 0.44450631]
 [ 0.58457998]
 [ 0.70386724]
 [ 0.76025691]
 [ 0.71163784]
 [ 0.51589887]
 [ 0.51589887]
 [ 0.31968305]
 [ 0.26987178]
 [ 0.32471144]
 [ 0.44244838]
 [ 0.58132899]
 [ 0.69959962]
 [ 0.75550665]
 [ 0.70729644]
 [ 0.51321537]
 [ 0.51321537]
 [ 0.31865309]
 [ 0.26923937]
 [ 0.32358074]
 [ 0.44028373]
 [ 0.57795486]
 [ 0.69520066]
 [ 0.75062765]
 [ 0.70284236]
 [ 0.51045133]
 [ 0.51045133]
 [ 0.31756742]
 [ 0.26854928]
 [ 0.32237209]
 [ 0.438011  ]
 [ 0.57444121]
 [ 0.69063787]
 [ 0.74557617]
 [ 0.69823127]
 [ 0.50757835]
 [ 0.50757835]
 [ 0.31641823]
 [ 0.26780463]
 [ 0.32109202]
 [ 0.43563491]
 [ 0.57078778]
 [ 0.68590512]
 [ 0.74034141]
 [ 0.69345116]
 [ 0.50458884]
 [ 0.50458884]
 [ 0.31520472]
 [ 0.26700926]
 [ 0.31974727]
 [ 0.43316351]
 [ 0.5670028 ]
 [ 0.68100991]
 [ 0.73492964]
 [ 0.68850678]
 [ 0.50148612]
 [ 0.50148612]
 [ 0.31392996]
 [ 0.26616772]
 [ 0.31834485]
 [ 0.4306068 ]
 [ 0.56309901]
 [ 0.67596694]
 [ 0.72935604]
 [ 0.68341176]
 [ 0.49827955]
 [ 0.49827955]
 [ 0.3125996 ]
 [ 0.26528543]
 [ 0.31689245]
 [ 0.42797606]
 [ 0.55909167]
 [ 0.67079468]
 [ 0.72364051]
 [ 0.67818455]
 [ 0.49498222]
 [ 0.49498222]
 [ 0.31122155]
 [ 0.26436927]
 [ 0.31539887]
 [ 0.42528381]
 [ 0.55499757]
 [ 0.66551363]
 [ 0.71780545]
 [ 0.67284652]
 [ 0.49161031]
 [ 0.49161031]
 [ 0.30980661]
 [ 0.26342862]
 [ 0.31387492]
 [ 0.42254408]
 [ 0.5508347 ]
 [ 0.66014535]
 [ 0.71187461]
 [ 0.66742107]
 [ 0.4881833 ]
 [ 0.4881833 ]
 [ 0.30836989]
 [ 0.26247707]
 [ 0.31233485]
 [ 0.41977324]
 [ 0.54662228]
 [ 0.65471199]
 [ 0.70587237]
 [ 0.66193347]
 [ 0.48472528]
 [ 0.48472528]
 [ 0.30693341]
 [ 0.26153529]
 [ 0.31079869]
 [ 0.41699143]
 [ 0.54238128]
 [ 0.64923603]
 [ 0.69982349]
 [ 0.65641143]
 [ 0.48126765]
 [ 0.48126765]
 [ 0.30553065]
 [ 0.26063582]
 [ 0.30929627]
 [ 0.41422511]
 [ 0.53813544]
 [ 0.64374038]
 [ 0.69375304]
 [ 0.65088651]
 [ 0.47785391]
 [ 0.47785391]
 [ 0.30421443]
 [ 0.25983135]
 [ 0.30787396]
 [ 0.41151154]
 [ 0.53391336]
 [ 0.63824871]
 [ 0.68768685]
 [ 0.64539708]
 [ 0.47454867]
 [ 0.47454867]
 [ 0.30307095]
 [ 0.25920922]
 [ 0.30660667]
 [ 0.40890652]
 [ 0.52975197]
 [ 0.63278624]
 [ 0.68165253]
 [ 0.63999405]
 [ 0.47145402]
 [ 0.47145402]
 [ 0.30224537]
 [ 0.25891773]
 [ 0.30561928]
 [ 0.40649823]
 [ 0.52570276]
 [ 0.62738108]
 [ 0.67568137]
 [ 0.63475184]
 [ 0.46874069]
 [ 0.46874069]
 [ 0.30198986]
 [ 0.25921537]
 [ 0.30512646]
 [ 0.40443238]
 [ 0.52184241]
 [ 0.62206577]
 [ 0.66981174]
 [ 0.62978957]
 [ 0.4667085 ]
 [ 0.4667085 ]
 [ 0.30275677]
 [ 0.26056554]
 [ 0.30550845]
 [ 0.40295914]
 [ 0.51829126]
 [ 0.61687846]
 [ 0.66409438]
 [ 0.62531267]
 [ 0.46590697]
 [ 0.46590697]
 [ 0.30538446]
 [ 0.26382476]
 [ 0.30746022]
 [ 0.40252316]
 [ 0.51524592]
 [ 0.61186084]
 [ 0.65860025]
 [ 0.62169649]
 [ 0.46738189]
 [ 0.46738189]
 [ 0.3114776 ]
 [ 0.27062635]
 [ 0.31229288]
 [ 0.40394193]
 [ 0.51303821]
 [ 0.60704647]
 [ 0.65343144]
 [ 0.61965784]
 [ 0.47319042]
 [ 0.47319042]
 [ 0.32420288]
 [ 0.28418147]
 [ 0.32255967]
 [ 0.40877101]
 [ 0.51224898]
 [ 0.60242708]
 [ 0.64873883]
 [ 0.62061772]
 [ 0.48749726]
 [ 0.48749726]
 [ 0.34998413]
 [ 0.31098716]
 [ 0.34339314]
 [ 0.42008884]
 [ 0.51396103]
 [ 0.59789647]
 [ 0.64478196]
 [ 0.62750424]
 [ 0.51895011]
 [ 0.51895011]
 [ 0.40217293]
 [ 0.36455706]
 [ 0.38548571]
 [ 0.44434214]
 [ 0.52050957]
 [ 0.59337124]
 [ 0.64231038]
 [ 0.64671023]
 [ 0.58595403]
 [ 0.58595403]
 [ 0.50914589]
 [ 0.47388476]
 [ 0.47229608]
 [ 0.4965053 ]
 [ 0.53863789]
 [ 0.59081928]
 [ 0.64517494]
 [ 0.69383031]
 [ 0.72891085]
 [ 0.72891085]
 [ 0.7326609 ]
 [ 0.70403179]
 [ 0.66020949]
 [ 0.61837996]
 [ 0.59572917]
 [ 0.60944307]
 [ 0.67670762]
 [ 0.81470879]
 [ 1.04063255]
 [ 1.04063255]
 [ 1.21056568]
 [ 1.2109658 ]
 [ 1.10457508]
 [ 0.95413572]
 [ 0.82238987]
 [ 0.77207973]
 [ 0.86594746]
 [ 1.16673525]
 [ 1.73718528]
 [ 1.73718528]
 [ 2.2404018 ]
 [ 2.3775204 ]
 [ 2.26833027]
 [ 2.03262059]
 [ 1.79018055]
 [ 1.66079932]
 [ 1.7642661 ]
 [ 2.22037005]
 [ 3.14890038]
 [ 3.14890038]
 [ 4.1881648 ]
 [ 4.92725474]
 [ 5.41213497]
 [ 5.68877026]
 [ 5.80312537]
 [ 5.80116507]
 [ 5.72885413]
 [ 5.6321573 ]
 [ 5.55703935]
 [ 5.55703935]
 [ 5.3750776 ]
 [ 4.99589106]
 [ 4.52250711]
 [ 4.05795309]
 [ 3.70525636]
 [ 3.56744427]
 [ 3.74754419]
 [ 4.34858346]
 [ 5.47358945]
 [ 5.47358945]
 [ 6.24516062]
 [ 5.99413654]
 [ 5.13590624]
 [ 4.08585872]
 [ 3.259383  ]
 [ 3.07186808]
 [ 3.93870299]
 [ 6.27527672]
 [10.4969783 ]]
f0: [[0.99070579]
 [0.98528966]
 [0.9838586 ]
 [0.98671535]
 [0.98979442]
 [0.98998117]
 [0.98813187]
 [0.98481743]
 [0.98068356]
 [0.97692939]
 [0.97692939]
 [0.97485694]
 [0.9749241 ]
 [0.97629218]
 [0.97721225]
 [0.97689847]
 [0.97543598]
 [0.97319539]
 [0.97071576]
 [0.96886551]
 [0.96886551]
 [0.96841108]
 [0.96919009]
 [0.97027034]
 [0.9707344 ]
 [0.97025947]
 [0.96894452]
 [0.96709789]
 [0.96516299]
 [0.96391476]
 [0.96391476]
 [0.96402419]
 [0.96513901]
 [0.96636718]
 [0.96693986]
 [0.96661359]
 [0.96550601]
 [0.96390619]
 [0.96226613]
 [0.96137018]
 [0.96137018]
 [0.96174666]
 [0.96303709]
 [0.96437371]
 [0.96504312]
 [0.96483008]
 [0.96385591]
 [0.96241126]
 [0.96094134]
 [0.96021028]
 [0.96021028]
 [0.96072248]
 [0.9620996 ]
 [0.96349108]
 [0.96421241]
 [0.96406257]
 [0.96316369]
 [0.96180706]
 [0.96043341]
 [0.95978767]
 [0.95978767]
 [0.96036551]
 [0.96177857]
 [0.96318995]
 [0.96393321]
 [0.96381533]
 [0.96295727]
 [0.96165005]
 [0.960332  ]
 [0.95972908]
 [0.95972908]
 [0.96033592]
 [0.96175849]
 [0.96317143]
 [0.96392095]
 [0.96381899]
 [0.96298369]
 [0.96170533]
 [0.96042167]
 [0.95983952]
 [0.95983952]
 [0.96045722]
 [0.96187664]
 [0.96328258]
 [0.96403124]
 [0.96393796]
 [0.96311688]
 [0.96185695]
 [0.96059722]
 [0.96002518]
 [0.96002518]
 [0.96064528]
 [0.96205586]
 [0.96345122]
 [0.96419613]
 [0.96410877]
 [0.96329835]
 [0.9620518 ]
 [0.96081096]
 [0.96024451]
 [0.96024451]
 [0.96086326]
 [0.96226261]
 [0.963646  ]
 [0.96438612]
 [0.96430402]
 [0.96350317]
 [0.9622676 ]
 [0.9610432 ]
 [0.96048107]
 [0.96048107]
 [0.96109691]
 [0.96248384]
 [0.96385466]
 [0.96458912]
 [0.96451032]
 [0.96371926]
 [0.96249686]
 [0.96128714]
 [0.96073346]
 [0.96073346]
 [0.96134547]
 [0.96271912]
 [0.96407672]
 [0.96480504]
 [0.96472897]
 [0.96394783]
 [0.96273938]
 [0.96154424]
 [0.96099964]
 [0.96099964]
 [0.96160732]
 [0.96296702]
 [0.96431079]
 [0.96503265]
 [0.96495925]
 [0.96418821]
 [0.96299408]
 [0.96181381]
 [0.96127825]
 [0.96127825]
 [0.96188126]
 [0.96322643]
 [0.96455581]
 [0.96527089]
 [0.96520014]
 [0.96443942]
 [0.96326001]
 [0.96209495]
 [0.96156848]
 [0.96156848]
 [0.96216656]
 [0.96349665]
 [0.96481107]
 [0.96551906]
 [0.9654509 ]
 [0.96470069]
 [0.96353638]
 [0.96238687]
 [0.96186954]
 [0.96186954]
 [0.96246241]
 [0.96377692]
 [0.96507582]
 [0.96577638]
 [0.96571072]
 [0.96497118]
 [0.96382226]
 [0.96268858]
 [0.96218042]
 [0.96218042]
 [0.96276783]
 [0.96406626]
 [0.96534913]
 [0.96604192]
 [0.96597865]
 [0.96524984]
 [0.96411656]
 [0.96299891]
 [0.96249992]
 [0.96249992]
 [0.96308161]
 [0.96436349]
 [0.96562984]
 [0.96631454]
 [0.9662535 ]
 [0.96553547]
 [0.96441797]
 [0.96331648]
 [0.96282661]
 [0.96282661]
 [0.96340231]
 [0.96466722]
 [0.9659166 ]
 [0.96659288]
 [0.96653391]
 [0.96582664]
 [0.96472501]
 [0.96363975]
 [0.96315888]
 [0.96315888]
 [0.96372831]
 [0.96497585]
 [0.96620785]
 [0.96687539]
 [0.96681832]
 [0.96612174]
 [0.965036  ]
 [0.96396697]
 [0.96349495]
 [0.96349495]
 [0.96405779]
 [0.96528755]
 [0.96650175]
 [0.96716027]
 [0.96710489]
 [0.96641891]
 [0.96534904]
 [0.96429616]
 [0.96383276]
 [0.96383276]
 [0.96438863]
 [0.96560015]
 [0.96679612]
 [0.96744528]
 [0.9673914 ]
 [0.96671591]
 [0.96566184]
 [0.964625  ]
 [0.96416991]
 [0.96416991]
 [0.9647183 ]
 [0.96591097]
 [0.96708816]
 [0.9677276 ]
 [0.96767499]
 [0.96700989]
 [0.96597155]
 [0.96495059]
 [0.96450339]
 [0.96450339]
 [0.96504354]
 [0.96621645]
 [0.96737409]
 [0.96800331]
 [0.96795174]
 [0.96729695]
 [0.96627433]
 [0.96526908]
 [0.96482915]
 [0.96482915]
 [0.96535985]
 [0.96651152]
 [0.96764837]
 [0.96826665]
 [0.96821583]
 [0.96757138]
 [0.96656459]
 [0.96557488]
 [0.96514129]
 [0.96514129]
 [0.96566051]
 [0.9667884 ]
 [0.96790234]
 [0.9685085 ]
 [0.96845812]
 [0.96782422]
 [0.96683361]
 [0.96585934]
 [0.96543057]
 [0.96543057]
 [0.96593476]
 [0.96703434]
 [0.96812159]
 [0.96871363]
 [0.96866328]
 [0.96804055]
 [0.96706701]
 [0.96610818]
 [0.96568162]
 [0.96568162]
 [0.96616432]
 [0.96722726]
 [0.96828094]
 [0.96885529]
 [0.96880443]
 [0.96819427]
 [0.96723971]
 [0.96629659]
 [0.96586748]
 [0.96586748]
 [0.96631655]
 [0.96732718]
 [0.96833433]
 [0.96888438]
 [0.96883224]
 [0.96823771]
 [0.96730616]
 [0.96637946]
 [0.96593871]
 [0.96593871]
 [0.96633071]
 [0.96725876]
 [0.96819433]
 [0.96870732]
 [0.96865272]
 [0.96808027]
 [0.96718007]
 [0.96627144]
 [0.96580091]
 [0.96580091]
 [0.96608933]
 [0.96687511]
 [0.96768921]
 [0.96813932]
 [0.96807988]
 [0.96754298]
 [0.96669153]
 [0.96580413]
 [0.96526644]
 [0.96526644]
 [0.96535746]
 [0.96588113]
 [0.96647135]
 [0.96680275]
 [0.96673108]
 [0.96625674]
 [0.96548952]
 [0.96462788]
 [0.963943  ]
 [0.963943  ]
 [0.96364563]
 [0.96366466]
 [0.96381336]
 [0.96389305]
 [0.96377613]
 [0.96340918]
 [0.96279145]
 [0.96195065]
 [0.96093709]
 [0.96093709]
 [0.95986276]
 [0.95888526]
 [0.95810987]
 [0.95757656]
 [0.95724169]
 [0.95698226]
 [0.95656571]
 [0.95564102]
 [0.95384282]
 [0.95384282]
 [0.95119317]
 [0.94820844]
 [0.94538507]
 [0.94313551]
 [0.94167288]
 [0.94086198]
 [0.94008066]
 [0.93827374]
 [0.93438998]
 [0.93438998]
 [0.92839308]
 [0.92117509]
 [0.91356552]
 [0.90629002]
 [0.89982926]
 [0.89420068]
 [0.88869608]
 [0.8818605 ]
 [0.87201249]
 [0.87201249]
 [0.85856138]
 [0.84207956]
 [0.82320079]
 [0.80251346]
 [0.78048496]
 [0.75748789]
 [0.73379546]
 [0.70957538]
 [0.68492203]
 [0.68492203]
 [0.66008501]
 [0.63566164]
 [0.61224714]
 [0.59026947]
 [0.56988601]
 [0.55079975]
 [0.53199478]
 [0.51177663]
 [0.48851612]
 [0.48851612]
 [0.46265631]
 [0.43665963]
 [0.41265554]
 [0.39237512]
 [0.37641335]
 [0.36335262]
 [0.34963914]
 [0.33094543]
 [0.30527765]]
J: [[ 0.        ]
 [-0.05655129]
 [-0.01939804]
 [ 0.22744391]
 [ 0.54891679]
 [ 0.69023145]
 [ 0.71717317]
 [ 0.69653132]
 [ 0.66004135]
 [ 0.63213151]
 [ 0.63213151]
 [ 0.6398561 ]
 [ 0.70284551]
 [ 0.80802709]
 [ 0.90307441]
 [ 0.95974325]
 [ 0.98270653]
 [ 0.98580132]
 [ 0.98317155]
 [ 0.99280981]
 [ 0.99280981]
 [ 1.03216753]
 [ 1.10143518]
 [ 1.18055409]
 [ 1.24555308]
 [ 1.28716885]
 [ 1.30811156]
 [ 1.31677775]
 [ 1.32326079]
 [ 1.34239175]
 [ 1.34239175]
 [ 1.38853837]
 [ 1.45765036]
 [ 1.53171499]
 [ 1.59226215]
 [ 1.63256687]
 [ 1.65531546]
 [ 1.6675775 ]
 [ 1.67856718]
 [ 1.70260057]
 [ 1.70260057]
 [ 1.75131268]
 [ 1.82039005]
 [ 1.89294325]
 [ 1.95248907]
 [ 1.99316013]
 [ 2.01741232]
 [ 2.03183961]
 [ 2.0452952 ]
 [ 2.0715673 ]
 [ 2.0715673 ]
 [ 2.12165943]
 [ 2.19089212]
 [ 2.26296419]
 [ 2.32229717]
 [ 2.36341827]
 [ 2.38866358]
 [ 2.4043935 ]
 [ 2.41928603]
 [ 2.44682378]
 [ 2.44682378]
 [ 2.49773477]
 [ 2.56714493]
 [ 2.63908257]
 [ 2.6984337 ]
 [ 2.73993321]
 [ 2.76584312]
 [ 2.78239809]
 [ 2.79818537]
 [ 2.82646702]
 [ 2.82646702]
 [ 2.87789612]
 [ 2.94746332]
 [ 3.01939998]
 [ 3.07885473]
 [ 3.12068034]
 [ 3.14707419]
 [ 3.16419859]
 [ 3.18060702]
 [ 3.20934679]
 [ 3.20934679]
 [ 3.26113653]
 [ 3.33084188]
 [ 3.40283622]
 [ 3.46243555]
 [ 3.5045671 ]
 [ 3.53135755]
 [ 3.54891958]
 [ 3.56581989]
 [ 3.59487198]
 [ 3.59487198]
 [ 3.64694607]
 [ 3.7167808 ]
 [ 3.78886327]
 [ 3.84863285]
 [ 3.89107238]
 [ 3.9182255 ]
 [ 3.93616004]
 [ 3.95349562]
 [ 3.98279738]
 [ 3.98279738]
 [ 4.03512419]
 [ 4.1050882 ]
 [ 4.17727827]
 [ 4.23723799]
 [ 4.28000053]
 [ 4.30751183]
 [ 4.32578863]
 [ 4.343537  ]
 [ 4.3730754 ]
 [ 4.3730754 ]
 [ 4.42564703]
 [ 4.49574294]
 [ 4.56805434]
 [ 4.62821147]
 [ 4.67127499]
 [ 4.69915096]
 [ 4.71781189]
 [ 4.73596122]
 [ 4.76584466]
 [ 4.76584466]
 [ 4.81866546]
 [ 4.88890151]
 [ 4.96134632]
 [ 5.0217142 ]
 [ 5.06508569]
 [ 5.09334008]
 [ 5.11240892]
 [ 5.13096994]
 [ 5.16123029]
 [ 5.16123029]
 [ 5.2143104 ]
 [ 5.28469672]
 [ 5.35728603]
 [ 5.41787902]
 [ 5.46157474]
 [ 5.49022448]
 [ 5.50971859]
 [ 5.52870817]
 [ 5.55936023]
 [ 5.55936023]
 [ 5.61271213]
 [ 5.68325918]
 [ 5.75600308]
 [ 5.81683447]
 [ 5.86087037]
 [ 5.88993293]
 [ 5.90987075]
 [ 5.92930707]
 [ 5.96036698]
 [ 5.96036698]
 [ 6.01400384]
 [ 6.08472175]
 [ 6.15762949]
 [ 6.21871147]
 [ 6.26310261]
 [ 6.29259494]
 [ 6.31299463]
 [ 6.33289575]
 [ 6.36437957]
 [ 6.36437957]
 [ 6.41831421]
 [ 6.48921254]
 [ 6.56229247]
 [ 6.62363604]
 [ 6.66839628]
 [ 6.69833425]
 [ 6.71921295]
 [ 6.73959597]
 [ 6.77151892]
 [ 6.77151892]
 [ 6.82576328]
 [ 6.89685066]
 [ 6.97011017]
 [ 7.03172505]
 [ 7.07686681]
 [ 7.10726486]
 [ 7.1286383 ]
 [ 7.14951895]
 [ 7.18189487]
 [ 7.18189487]
 [ 7.23645959]
 [ 7.30774347]
 [ 7.38118874]
 [ 7.44308319]
 [ 7.4886173 ]
 [ 7.51948822]
 [ 7.54137047]
 [ 7.56276279]
 [ 7.59560384]
 [ 7.59560384]
 [ 7.65049783]
 [ 7.721984  ]
 [ 7.79561964]
 [ 7.8578002 ]
 [ 7.90373569]
 [ 7.93509048]
 [ 7.95749379]
 [ 7.97940997]
 [ 8.01272628]
 [ 8.01272628]
 [ 8.0679562 ]
 [ 8.13964813]
 [ 8.2134765 ]
 [ 8.27594751]
 [ 8.32229134]
 [ 8.35413907]
 [ 8.37707381]
 [ 8.39952399]
 [ 8.4333233 ]
 [ 8.4333233 ]
 [ 8.48889272]
 [ 8.56079042]
 [ 8.63481055]
 [ 8.69757343]
 [ 8.74433009]
 [ 8.77667775]
 [ 8.80015232]
 [ 8.82314447]
 [ 8.85743156]
 [ 8.85743156]
 [ 8.91333968]
 [ 8.9854378 ]
 [ 9.05964354]
 [ 9.12269546]
 [ 9.16986633]
 [ 9.20271858]
 [ 9.22673937]
 [ 9.25027912]
 [ 9.28505491]
 [ 9.28505491]
 [ 9.34129435]
 [ 9.41357904]
 [ 9.4879559 ]
 [ 9.55128764]
 [ 9.59886986]
 [ 9.63222873]
 [ 9.6568001 ]
 [ 9.68089037]
 [ 9.71615044]
 [ 9.71615044]
 [ 9.77270347]
 [ 9.84514686]
 [ 9.91966666]
 [ 9.98325885]
 [10.03124347]
 [10.06510776]
 [10.09023196]
 [10.11487246]
 [10.15060431]
 [10.15060431]
 [10.20743617]
 [10.27998677]
 [10.35459817]
 [10.41841478]
 [10.46678345]
 [10.50114779]
 [10.5268249 ]
 [10.55201109]
 [10.58818926]
 [10.58818926]
 [10.64523602]
 [10.71780133]
 [10.79241296]
 [10.85638961]
 [10.90510885]
 [10.93996211]
 [10.96619   ]
 [10.99191123]
 [11.02848795]
 [11.02848795]
 [11.08563398]
 [11.15804842]
 [11.23249775]
 [11.2965205 ]
 [11.34553133]
 [11.38085401]
 [11.40762857]
 [11.43386452]
 [11.47075198]
 [11.47075198]
 [11.52778681]
 [11.59975106]
 [11.673746  ]
 [11.73761157]
 [11.78681066]
 [11.82257085]
 [11.84988706]
 [11.87660109]
 [11.91363635]
 [11.91363635]
 [11.97017096]
 [12.04113532]
 [12.11414248]
 [12.17748258]
 [12.22668696]
 [12.26283413]
 [12.2906898 ]
 [12.3178162 ]
 [12.35469134]
 [12.35469134]
 [12.40999434]
 [12.47893437]
 [12.54996461]
 [12.61209986]
 [12.66097944]
 [12.69743494]
 [12.72584095]
 [12.75325982]
 [12.78938194]
 [12.78938194]
 [12.84206422]
 [12.90706027]
 [12.97426592]
 [13.03392441]
 [13.08186834]
 [13.11850823]
 [13.14751144]
 [13.17499544]
 [13.20920943]
 [13.20920943]
 [13.25665285]
 [13.31416715]
 [13.37413709]
 [13.42892301]
 [13.47475788]
 [13.51135587]
 [13.54106475]
 [13.56814464]
 [13.59820437]
 [13.59820437]
 [13.63568338]
 [13.67957483]
 [13.72630699]
 [13.77174112]
 [13.81305089]
 [13.84896114]
 [13.87938129]
 [13.90489265]
 [13.92652737]
 [13.92652737]
 [13.94640632]
 [13.96742507]
 [13.9915064 ]
 [14.0194512 ]
 [14.050626  ]
 [14.08291265]
 [14.11217734]
 [14.13236908]
 [14.13792907]
 [14.13792907]
 [14.13056144]
 [14.11855168]
 [14.10862538]
 [14.10590207]
 [14.11310261]
 [14.12844976]
 [14.14380669]
 [14.14604881]
 [14.12455923]
 [14.12455923]
 [14.08390821]
 [14.03532666]
 [13.98609321]
 [13.94119969]
 [13.90352584]
 [13.8726016 ]
 [13.84324706]
 [13.80638261]
 [13.75429975]
 [13.75429975]
 [13.6891431 ]
 [13.6171385 ]
 [13.54243324]
 [13.46752314]
 [13.39383054]
 [13.32219304]
 [13.25307216]
 [13.18663376]
 [13.12286971]
 [13.12286971]
 [13.06201607]
 [13.00473886]
 [12.95161214]
 [12.90295324]
 [12.85864259]
 [12.81784101]
 [12.77874997]
 [12.73892646]
 [12.69667658]
 [12.69667658]
 [12.65348726]
 [12.61218661]
 [12.57453586]
 [12.54194418]
 [12.51482974]
 [12.4914623 ]
 [12.46786914]
 [12.44008544]
 [12.40910381]]
