Dataframe File: param_est_1.csv
Pickle Data File: data_1.pkl
Time: 2025-06-11T19:26:29.186531
Shape: (153, 4)
Columns: ['Parameter', 'Value', 'Run', 'Type']
Simulation Type: MeasurementType(change_times=[0], meas_times=[0, 4, 8, 12, 16, 20, 24, 28, 32, 36, 40, 44, 48, 52, 56, 60, 64, 68, 72, 76, 80, 84, 88, 92, 96, 100, 104, 108, 112, 116, 120], doses=array([[  0],
       [  1],
       [  5],
       [ 10],
       [ 50],
       [100],
       [  0],
       [  1],
       [  5],
       [ 10],
       [ 50],
       [100],
       [  0],
       [  1],
       [  5],
       [ 10],
       [ 50],
       [100]]))
Liklihood version: RMS-growth
Fit-ratios: [0.9873121725839403, 1.6069423382753385, 1.035348015022639, 0.6987669849185055, 0.9585706542476721, 0.9693283338087165, 1.049872968423345, 1.2150068584102656, 1.4603875642433592, 1.0644073272157664, 1.2355503911646561, 1.0855533319715707, 0.9410302862598703, 1.4409064431246197, 2.420917799126533, 0.7956385194484518]
Number of experiments: 16
Parameters: LastYearParamSetLinear_no_h_nu(mu=0.0004, h_mu=4e-05, nu=0.004, b0=0.04, d0=0.0, d_d0=0.08, b1=0.001, d1=0.0)
Initial f0 strategy: equilibInitial cell count: 1000Message: set 1 exp 1
---
Dataframe File: param_est_2.csv
Pickle Data File: data_2.pkl
Time: 2025-06-11T19:37:28.906438
Shape: (153, 4)
Columns: ['Parameter', 'Value', 'Run', 'Type']
Simulation Type: MeasurementType(change_times=[0], meas_times=[0, 4, 8, 12, 16, 20, 24, 28, 32, 36, 40, 44, 48, 52, 56, 60, 64, 68, 72, 76, 80, 84, 88, 92, 96, 100, 104, 108, 112, 116, 120], doses=array([[0.e+00],
       [1.e-02],
       [1.e-01],
       [1.e+00],
       [5.e+01],
       [1.e+02],
       [0.e+00],
       [1.e-02],
       [1.e-01],
       [1.e+00],
       [5.e+01],
       [1.e+02],
       [0.e+00],
       [1.e-02],
       [1.e-01],
       [1.e+00],
       [5.e+01],
       [1.e+02]]))
Liklihood version: RMS-growth
Fit-ratios: [1.3899871017400967, 0.8986178419822723, 1.0136955924428108, 1.2746982012590808, 1.3037583013253389, 1.0846520791826817, 1.7381835499550171, 1.1795399613119997, 1.0369751219379106, 0.9956692110640291, 1.908193480169737, 0.9403127715043357, 0.9937330070080063, 1.5845396646220191, 0.9795756097115568, 0.9452142491272915]
Number of experiments: 16
Parameters: LastYearParamSetLinear_no_h_nu(mu=0.0004, h_mu=4e-05, nu=0.004, b0=0.04, d0=0.0, d_d0=0.08, b1=0.001, d1=0.0)
Initial f0 strategy: equilibInitial cell count: 1000Message: set 1 exp 2
---
Dataframe File: param_est_3.csv
Pickle Data File: data_3.pkl
Time: 2025-06-11T19:46:57.152897
Shape: (153, 4)
Columns: ['Parameter', 'Value', 'Run', 'Type']
Simulation Type: MeasurementType(change_times=[0], meas_times=[0, 4, 8, 12, 16, 20, 24, 28, 32, 36, 40, 44, 48, 52, 56, 60, 64, 68, 72, 76, 80, 84, 88, 92, 96, 100, 104, 108, 112, 116, 120], doses=array([[0.  ],
       [0.01],
       [0.05],
       [0.1 ],
       [0.5 ],
       [1.  ],
       [0.  ],
       [0.01],
       [0.05],
       [0.1 ],
       [0.5 ],
       [1.  ],
       [0.  ],
       [0.01],
       [0.05],
       [0.1 ],
       [0.5 ],
       [1.  ]]))
Liklihood version: RMS-growth
Fit-ratios: [0.8490345543578608, 0.8163060445029183, 1.3350710352704387, 0.7947185374781777, 0.8353016490681653, 0.8580521602096695, 0.9617092004373508, 0.8021539287102032, 4.491620685973307, 0.8698741182614207, 1.4340007529116516, 0.9644019939030452, 0.9036742007162739, 0.9456480801242235, 0.8913486102937437, 0.8991035230939637]
Number of experiments: 16
Parameters: LastYearParamSetLinear_no_h_nu(mu=0.0004, h_mu=4e-05, nu=0.004, b0=0.04, d0=0.0, d_d0=0.08, b1=0.001, d1=0.0)
Initial f0 strategy: equilibInitial cell count: 1000Message: set 1 exp 3
---
Dataframe File: param_est_4.csv
Pickle Data File: data_4.pkl
Time: 2025-06-11T20:08:35.086423
Shape: (153, 4)
Columns: ['Parameter', 'Value', 'Run', 'Type']
Simulation Type: MeasurementType(change_times=[0], meas_times=[0, 4, 8, 12, 16, 20, 24, 28, 32, 36, 40, 44, 48, 52, 56, 60, 64, 68, 72, 76, 80, 84, 88, 92, 96, 100, 104, 108, 112, 116, 120, 124, 128, 132, 136, 140, 144, 148, 152, 156, 160, 164, 168, 172, 176, 180, 184, 188, 192, 196, 200, 204, 208, 212, 216, 220, 224, 228, 232, 236, 240, 244, 248, 252, 256, 260, 264, 268, 272, 276, 280, 284, 288, 292, 296, 300, 304, 308, 312, 316, 320, 324, 328, 332, 336], doses=array([[  0],
       [  1],
       [  5],
       [ 10],
       [ 50],
       [100],
       [  0],
       [  1],
       [  5],
       [ 10],
       [ 50],
       [100],
       [  0],
       [  1],
       [  5],
       [ 10],
       [ 50],
       [100]]))
Liklihood version: RMS-growth
Fit-ratios: [0.8338666627070993, 0.9084294636840629, 0.9217483065035631, 0.9261525718747091, 0.786856973022371, 0.8894102196437129, 0.9570380086555984, 0.8418553263893324, 0.7477657193827836, 0.9523634532187945, 0.9316550920679052, 0.8911043114198348, 0.9218404205193722, 0.8576416640507352, 0.8651797858983657, 0.8295338105251931]
Number of experiments: 16
Parameters: LastYearParamSetLinear_no_h_nu(mu=0.0004, h_mu=4e-05, nu=0.004, b0=0.04, d0=0.0, d_d0=0.08, b1=0.001, d1=0.0)
Initial f0 strategy: equilibInitial cell count: 1000Message: set 1 exp 4
---
Dataframe File: param_est_5.csv
Pickle Data File: data_5.pkl
Time: 2025-06-11T20:28:48.563743
Shape: (153, 4)
Columns: ['Parameter', 'Value', 'Run', 'Type']
Simulation Type: MeasurementType(change_times=[0], meas_times=[0, 4, 8, 12, 16, 20, 24, 28, 32, 36, 40, 44, 48, 52, 56, 60, 64, 68, 72, 76, 80, 84, 88, 92, 96, 100, 104, 108, 112, 116, 120, 124, 128, 132, 136, 140, 144, 148, 152, 156, 160, 164, 168, 172, 176, 180, 184, 188, 192, 196, 200, 204, 208, 212, 216, 220, 224, 228, 232, 236, 240, 244, 248, 252, 256, 260, 264, 268, 272, 276, 280, 284, 288, 292, 296, 300, 304, 308, 312, 316, 320, 324, 328, 332, 336], doses=array([[0.e+00],
       [1.e-02],
       [1.e-01],
       [1.e+00],
       [5.e+01],
       [1.e+02],
       [0.e+00],
       [1.e-02],
       [1.e-01],
       [1.e+00],
       [5.e+01],
       [1.e+02],
       [0.e+00],
       [1.e-02],
       [1.e-01],
       [1.e+00],
       [5.e+01],
       [1.e+02]]))
Liklihood version: RMS-growth
Fit-ratios: [0.6882828366758652, 0.9998422722889715, 0.9852521559794267, 0.9897559634958694, 0.7433675578104245, 1.409667705289851, 0.9388851072691322, 0.9170129648701338, 0.9641772045628217, 0.9473685124874666, 1.0341313193895099, 1.0309193113398012, 1.2278132113444216, 0.9739159518508126, 0.9154447108947045, 1.0297718482517138]
Number of experiments: 16
Parameters: LastYearParamSetLinear_no_h_nu(mu=0.0004, h_mu=4e-05, nu=0.004, b0=0.04, d0=0.0, d_d0=0.08, b1=0.001, d1=0.0)
Initial f0 strategy: equilibInitial cell count: 1000Message: set 1 exp 5
---
Dataframe File: param_est_6.csv
Pickle Data File: data_6.pkl
Time: 2025-06-11T20:50:56.288847
Shape: (153, 4)
Columns: ['Parameter', 'Value', 'Run', 'Type']
Simulation Type: MeasurementType(change_times=[0], meas_times=[0, 4, 8, 12, 16, 20, 24, 28, 32, 36, 40, 44, 48, 52, 56, 60, 64, 68, 72, 76, 80, 84, 88, 92, 96, 100, 104, 108, 112, 116, 120, 124, 128, 132, 136, 140, 144, 148, 152, 156, 160, 164, 168, 172, 176, 180, 184, 188, 192, 196, 200, 204, 208, 212, 216, 220, 224, 228, 232, 236, 240, 244, 248, 252, 256, 260, 264, 268, 272, 276, 280, 284, 288, 292, 296, 300, 304, 308, 312, 316, 320, 324, 328, 332, 336], doses=array([[0.  ],
       [0.01],
       [0.05],
       [0.1 ],
       [0.5 ],
       [1.  ],
       [0.  ],
       [0.01],
       [0.05],
       [0.1 ],
       [0.5 ],
       [1.  ],
       [0.  ],
       [0.01],
       [0.05],
       [0.1 ],
       [0.5 ],
       [1.  ]]))
Liklihood version: RMS-growth
Fit-ratios: [0.9103346032265726, 0.8458483584371184, 0.8650340586181073, 0.8863056182331106, 0.9613245539582559, 0.9892864299065073, 1.6100276971227103, 0.829920774463801, 2.544008065042711, 0.9624492838785977, 1.2221276661874272, 0.9291109902018081, 0.8085329528830172, 0.8738675096370394, 4.195066658047753, 2.5510059341788582]
Number of experiments: 16
Parameters: LastYearParamSetLinear_no_h_nu(mu=0.0004, h_mu=4e-05, nu=0.004, b0=0.04, d0=0.0, d_d0=0.08, b1=0.001, d1=0.0)
Initial f0 strategy: equilibInitial cell count: 1000Message: set 1 exp 6
---
Dataframe File: param_est_7.csv
Pickle Data File: data_7.pkl
Time: 2025-06-11T21:01:01.919702
Shape: (153, 4)
Columns: ['Parameter', 'Value', 'Run', 'Type']
Simulation Type: MeasurementType(change_times=[0], meas_times=[0, 4, 8, 12, 16, 20, 24, 28, 32, 36, 40, 44, 48, 52, 56, 60, 64, 68, 72, 76, 80, 84, 88, 92, 96, 100, 104, 108, 112, 116, 120, 124, 128, 132, 136, 140, 144, 148, 152, 156, 160, 164, 168, 172, 176, 180, 184, 188, 192, 196, 200, 204, 208, 212, 216, 220, 224, 228, 232, 236, 240], doses=array([[  0],
       [  1],
       [  5],
       [ 10],
       [ 50],
       [100],
       [  0],
       [  1],
       [  5],
       [ 10],
       [ 50],
       [100],
       [  0],
       [  1],
       [  5],
       [ 10],
       [ 50],
       [100]]))
Liklihood version: RMS-growth
Fit-ratios: [0.8437803955334637, 0.8630837513272919, 0.7233543393511789, 0.8929918707118534, 0.9332090886301138, 0.9876684935792017, 0.8188972257117179, 1.3061689210003717, 0.9552315811093917, 0.9142464741993154, 0.9664355943677843, 0.9571113313561367, 0.8892212639005916, 0.9835759994209334, 0.9273333688961428, 0.8433884869931667]
Number of experiments: 16
Parameters: LastYearParamSetLinear_no_h_nu(mu=0.0004, h_mu=4e-05, nu=0.004, b0=0.04, d0=0.0, d_d0=0.08, b1=0.001, d1=0.0)
Initial f0 strategy: equilibInitial cell count: 1000Message: set 2 exp 1
---
Dataframe File: param_est_8.csv
Pickle Data File: data_8.pkl
Time: 2025-06-11T21:11:17.227485
Shape: (153, 4)
Columns: ['Parameter', 'Value', 'Run', 'Type']
Simulation Type: MeasurementType(change_times=[0], meas_times=[0, 4, 8, 12, 16, 20, 24, 28, 32, 36, 40, 44, 48, 52, 56, 60, 64, 68, 72, 76, 80, 84, 88, 92, 96, 100, 104, 108, 112, 116, 120, 124, 128, 132, 136, 140, 144, 148, 152, 156, 160, 164, 168, 172, 176, 180, 184, 188, 192, 196, 200, 204, 208, 212, 216, 220, 224, 228, 232, 236, 240], doses=array([[0.e+00],
       [1.e-02],
       [1.e-01],
       [1.e+00],
       [1.e+01],
       [1.e+02],
       [0.e+00],
       [1.e-02],
       [1.e-01],
       [1.e+00],
       [1.e+01],
       [1.e+02],
       [0.e+00],
       [1.e-02],
       [1.e-01],
       [1.e+00],
       [1.e+01],
       [1.e+02]]))
Liklihood version: RMS-growth
Fit-ratios: [0.7114378557368047, 1.300639652555567, 0.827667302814262, 0.8087464922524634, 1.1095761849533603, 0.9454468149463954, 0.9510316872240835, 0.8900887154011691, 0.9274675655685207, 0.5830540518634927, 1.9599960126723306, 0.9471366436573635, 0.6179452447164004, 0.9219389811694806, 0.8065027701810796, 0.6960342121167632]
Number of experiments: 16
Parameters: LastYearParamSetLinear_no_h_nu(mu=0.0004, h_mu=4e-05, nu=0.004, b0=0.04, d0=0.0, d_d0=0.08, b1=0.001, d1=0.0)
Initial f0 strategy: equilibInitial cell count: 1000Message: set 2 exp 2
---
Dataframe File: param_est_9.csv
Pickle Data File: data_9.pkl
Time: 2025-06-11T21:22:33.238523
Shape: (153, 4)
Columns: ['Parameter', 'Value', 'Run', 'Type']
Simulation Type: MeasurementType(change_times=[0, 120], meas_times=[0, 4, 8, 12, 16, 20, 24, 28, 32, 36, 40, 44, 48, 52, 56, 60, 64, 68, 72, 76, 80, 84, 88, 92, 96, 100, 104, 108, 112, 116, 120, 124, 128, 132, 136, 140, 144, 148, 152, 156, 160, 164, 168, 172, 176, 180, 184, 188, 192, 196, 200, 204, 208, 212, 216, 220, 224, 228, 232, 236, 240], doses=array([[  0,   0],
       [  1,   0],
       [  5,   0],
       [ 10,   0],
       [ 50,   0],
       [100,   0],
       [  0,   0],
       [  1,   0],
       [  5,   0],
       [ 10,   0],
       [ 50,   0],
       [100,   0],
       [  0,   0],
       [  1,   0],
       [  5,   0],
       [ 10,   0],
       [ 50,   0],
       [100,   0]]))
Liklihood version: RMS-growth
Fit-ratios: [0.956639208729241, 0.967238635236215, 0.8512819042324743, 0.9747697579181557, 0.8036865193978586, 0.889859958055957, 0.7457095412101178, 0.9841073027351666, 0.8532995237965066, 0.8369720687053385, 0.9702760312144516, 0.8248734511790906, 0.9786551877397793, 0.7844826799971794, 0.7017099020140398, 0.8553261277158387]
Number of experiments: 16
Parameters: LastYearParamSetLinear_no_h_nu(mu=0.0004, h_mu=4e-05, nu=0.004, b0=0.04, d0=0.0, d_d0=0.08, b1=0.001, d1=0.0)
Initial f0 strategy: equilibInitial cell count: 1000Message: set 2 exp 3
---
Dataframe File: param_est_10.csv
Pickle Data File: data_10.pkl
Time: 2025-06-11T21:32:20.512002
Shape: (153, 4)
Columns: ['Parameter', 'Value', 'Run', 'Type']
Simulation Type: MeasurementType(change_times=[0, 120], meas_times=[0, 4, 8, 12, 16, 20, 24, 28, 32, 36, 40, 44, 48, 52, 56, 60, 64, 68, 72, 76, 80, 84, 88, 92, 96, 100, 104, 108, 112, 116, 120, 124, 128, 132, 136, 140, 144, 148, 152, 156, 160, 164, 168, 172, 176, 180, 184, 188, 192, 196, 200, 204, 208, 212, 216, 220, 224, 228, 232, 236, 240], doses=array([[0.e+00, 0.e+00],
       [1.e-02, 0.e+00],
       [1.e-01, 0.e+00],
       [1.e+00, 0.e+00],
       [1.e+01, 0.e+00],
       [1.e+02, 0.e+00],
       [0.e+00, 0.e+00],
       [1.e-02, 0.e+00],
       [1.e-01, 0.e+00],
       [1.e+00, 0.e+00],
       [1.e+01, 0.e+00],
       [1.e+02, 0.e+00],
       [0.e+00, 0.e+00],
       [1.e-02, 0.e+00],
       [1.e-01, 0.e+00],
       [1.e+00, 0.e+00],
       [1.e+01, 0.e+00],
       [1.e+02, 0.e+00]]))
Liklihood version: RMS-growth
Fit-ratios: [0.8957778272164217, 0.8947092616599552, 0.8882010309066818, 0.5717463350786335, 0.7321732448747202, 0.934688145981009, 0.6974986418274525, 0.8914143522473492, 0.8340592158163557, 0.7455554330716004, 0.6116419573379408, 0.8478412392694297, 0.8580077262638012, 0.7269144426248269, 0.8478828762833813, 0.7497761383118255]
Number of experiments: 16
Parameters: LastYearParamSetLinear_no_h_nu(mu=0.0004, h_mu=4e-05, nu=0.004, b0=0.04, d0=0.0, d_d0=0.08, b1=0.001, d1=0.0)
Initial f0 strategy: equilibInitial cell count: 1000Message: set 2 exp 4
---
Dataframe File: param_est_11.csv
Pickle Data File: data_11.pkl
Time: 2025-06-11T21:49:39.099334
Shape: (153, 4)
Columns: ['Parameter', 'Value', 'Run', 'Type']
Simulation Type: MeasurementType(change_times=[0], meas_times=[0, 4, 8, 12, 16, 20, 24, 28, 32, 36, 40, 44, 48, 52, 56, 60, 64, 68, 72, 76, 80, 84, 88, 92, 96, 100, 104, 108, 112, 116, 120, 124, 128, 132, 136, 140, 144, 148, 152, 156, 160, 164, 168, 172, 176, 180, 184, 188, 192, 196, 200, 204, 208, 212, 216, 220, 224, 228, 232, 236, 240, 244, 248, 252, 256, 260, 264, 268, 272, 276, 280, 284, 288, 292, 296, 300, 304, 308, 312, 316, 320, 324, 328, 332, 336, 340, 344, 348, 352, 356, 360, 364, 368, 372, 376, 380, 384, 388, 392, 396, 400, 404, 408, 412, 416, 420, 424, 428, 432, 436, 440, 444, 448, 452, 456, 460, 464, 468, 472, 476, 480], doses=array([[  0],
       [  1],
       [  5],
       [ 10],
       [ 50],
       [100],
       [  0],
       [  1],
       [  5],
       [ 10],
       [ 50],
       [100],
       [  0],
       [  1],
       [  5],
       [ 10],
       [ 50],
       [100]]))
Liklihood version: RMS-growth
Fit-ratios: [0.8966103627193923, 0.9779881908788911, 0.8370858449186588, 0.7676532947711296, 0.9591628940924714, 0.9384220341081236, 0.7762622743562723, 0.8513438357417187, 0.5189060943852053, 0.7237914863426995, 0.6772198391602892, 0.7114798964297497, 0.9649603006347341, 0.801942462959482, 0.8404508844498705, 0.9164805496334791]
Number of experiments: 16
Parameters: LastYearParamSetLinear_no_h_nu(mu=0.0004, h_mu=4e-05, nu=0.004, b0=0.04, d0=0.0, d_d0=0.08, b1=0.001, d1=0.0)
Initial f0 strategy: equilibInitial cell count: 1000Message: set 2 exp 5
---
Dataframe File: param_est_12.csv
Pickle Data File: data_12.pkl
Time: 2025-06-11T22:06:36.998013
Shape: (153, 4)
Columns: ['Parameter', 'Value', 'Run', 'Type']
Simulation Type: MeasurementType(change_times=[0], meas_times=[0, 4, 8, 12, 16, 20, 24, 28, 32, 36, 40, 44, 48, 52, 56, 60, 64, 68, 72, 76, 80, 84, 88, 92, 96, 100, 104, 108, 112, 116, 120, 124, 128, 132, 136, 140, 144, 148, 152, 156, 160, 164, 168, 172, 176, 180, 184, 188, 192, 196, 200, 204, 208, 212, 216, 220, 224, 228, 232, 236, 240, 244, 248, 252, 256, 260, 264, 268, 272, 276, 280, 284, 288, 292, 296, 300, 304, 308, 312, 316, 320, 324, 328, 332, 336, 340, 344, 348, 352, 356, 360, 364, 368, 372, 376, 380, 384, 388, 392, 396, 400, 404, 408, 412, 416, 420, 424, 428, 432, 436, 440, 444, 448, 452, 456, 460, 464, 468, 472, 476, 480], doses=array([[0.e+00],
       [1.e-02],
       [1.e-01],
       [1.e+00],
       [1.e+01],
       [1.e+02],
       [0.e+00],
       [1.e-02],
       [1.e-01],
       [1.e+00],
       [1.e+01],
       [1.e+02],
       [0.e+00],
       [1.e-02],
       [1.e-01],
       [1.e+00],
       [1.e+01],
       [1.e+02]]))
Liklihood version: RMS-growth
Fit-ratios: [3.1107477171948084, 0.7645735814960003, 0.6937069952648425, 0.9148593462759907, 0.9862064421975952, 0.8586772989182337, 0.8664495485276202, 0.931384138425886, 0.6534322753103476, 0.8119686196487564, 0.8482480216242323, 0.9664746102951123, 0.8978569862142354, 0.6698492208217388, 0.7770097439175075, 0.6441864350635416]
Number of experiments: 16
Parameters: LastYearParamSetLinear_no_h_nu(mu=0.0004, h_mu=4e-05, nu=0.004, b0=0.04, d0=0.0, d_d0=0.08, b1=0.001, d1=0.0)
Initial f0 strategy: equilibInitial cell count: 1000Message: set 2 exp 6
---
Dataframe File: param_est_13.csv
Pickle Data File: data_13.pkl
Time: 2025-06-11T22:26:26.383074
Shape: (153, 4)
Columns: ['Parameter', 'Value', 'Run', 'Type']
Simulation Type: MeasurementType(change_times=[0, 120, 240, 360], meas_times=[0, 4, 8, 12, 16, 20, 24, 28, 32, 36, 40, 44, 48, 52, 56, 60, 64, 68, 72, 76, 80, 84, 88, 92, 96, 100, 104, 108, 112, 116, 120, 124, 128, 132, 136, 140, 144, 148, 152, 156, 160, 164, 168, 172, 176, 180, 184, 188, 192, 196, 200, 204, 208, 212, 216, 220, 224, 228, 232, 236, 240, 244, 248, 252, 256, 260, 264, 268, 272, 276, 280, 284, 288, 292, 296, 300, 304, 308, 312, 316, 320, 324, 328, 332, 336, 340, 344, 348, 352, 356, 360, 364, 368, 372, 376, 380, 384, 388, 392, 396, 400, 404, 408, 412, 416, 420, 424, 428, 432, 436, 440, 444, 448, 452, 456, 460, 464, 468, 472, 476, 480], doses=array([[  0,   0,   0,   0],
       [  1,   0,   1,   0],
       [  5,   0,   5,   0],
       [ 10,   0,  10,   0],
       [ 50,   0,  50,   0],
       [100,   0, 100,   0],
       [  0,   0,   0,   0],
       [  1,   0,   1,   0],
       [  5,   0,   5,   0],
       [ 10,   0,  10,   0],
       [ 50,   0,  50,   0],
       [100,   0, 100,   0],
       [  0,   0,   0,   0],
       [  1,   0,   1,   0],
       [  5,   0,   5,   0],
       [ 10,   0,  10,   0],
       [ 50,   0,  50,   0],
       [100,   0, 100,   0]]))
Liklihood version: RMS-growth
Fit-ratios: [0.8726221622887378, 0.9502122404470638, 0.9355348052644086, 0.9471955013179469, 0.8858533730907986, 0.8146613488051665, 0.8015715805208765, 0.5722275789682747, 0.9046604796491459, 0.9864534907778582, 0.9394937909821969, 0.9481603383767555, 0.7766559123638891, 0.6387028696974004, 0.8779589648878524, 0.49511282968125553]
Number of experiments: 16
Parameters: LastYearParamSetLinear_no_h_nu(mu=0.0004, h_mu=4e-05, nu=0.004, b0=0.04, d0=0.0, d_d0=0.08, b1=0.001, d1=0.0)
Initial f0 strategy: equilibInitial cell count: 1000Message: set 2 exp 7
---
Dataframe File: param_est_14.csv
Pickle Data File: data_14.pkl
Time: 2025-06-11T22:45:29.605899
Shape: (153, 4)
Columns: ['Parameter', 'Value', 'Run', 'Type']
Simulation Type: MeasurementType(change_times=[0, 120, 240, 360], meas_times=[0, 4, 8, 12, 16, 20, 24, 28, 32, 36, 40, 44, 48, 52, 56, 60, 64, 68, 72, 76, 80, 84, 88, 92, 96, 100, 104, 108, 112, 116, 120, 124, 128, 132, 136, 140, 144, 148, 152, 156, 160, 164, 168, 172, 176, 180, 184, 188, 192, 196, 200, 204, 208, 212, 216, 220, 224, 228, 232, 236, 240, 244, 248, 252, 256, 260, 264, 268, 272, 276, 280, 284, 288, 292, 296, 300, 304, 308, 312, 316, 320, 324, 328, 332, 336, 340, 344, 348, 352, 356, 360, 364, 368, 372, 376, 380, 384, 388, 392, 396, 400, 404, 408, 412, 416, 420, 424, 428, 432, 436, 440, 444, 448, 452, 456, 460, 464, 468, 472, 476, 480], doses=array([[0.e+00, 0.e+00, 0.e+00, 0.e+00],
       [1.e-02, 0.e+00, 1.e-02, 0.e+00],
       [1.e-01, 0.e+00, 1.e-01, 0.e+00],
       [1.e+00, 0.e+00, 1.e+00, 0.e+00],
       [1.e+01, 0.e+00, 1.e+01, 0.e+00],
       [1.e+02, 0.e+00, 1.e+02, 0.e+00],
       [0.e+00, 0.e+00, 0.e+00, 0.e+00],
       [1.e-02, 0.e+00, 1.e-02, 0.e+00],
       [1.e-01, 0.e+00, 1.e-01, 0.e+00],
       [1.e+00, 0.e+00, 1.e+00, 0.e+00],
       [1.e+01, 0.e+00, 1.e+01, 0.e+00],
       [1.e+02, 0.e+00, 1.e+02, 0.e+00],
       [0.e+00, 0.e+00, 0.e+00, 0.e+00],
       [1.e-02, 0.e+00, 1.e-02, 0.e+00],
       [1.e-01, 0.e+00, 1.e-01, 0.e+00],
       [1.e+00, 0.e+00, 1.e+00, 0.e+00],
       [1.e+01, 0.e+00, 1.e+01, 0.e+00],
       [1.e+02, 0.e+00, 1.e+02, 0.e+00]]))
Liklihood version: RMS-growth
Fit-ratios: [0.8826097574980295, 0.7109006597751386, 0.8842695524550387, 0.9279356547117448, 0.7046463637286813, 0.8041107961932463, 0.4978402753770152, 0.5810489543452186, 0.3793310982341052, 1.1521864758821012, 0.8206675326240529, 0.7558631741823285, 0.907656850208521, 0.4691357501555622, 0.6840518676743478, 0.8910780471095157]
Number of experiments: 16
Parameters: LastYearParamSetLinear_no_h_nu(mu=0.0004, h_mu=4e-05, nu=0.004, b0=0.04, d0=0.0, d_d0=0.08, b1=0.001, d1=0.0)
Initial f0 strategy: equilibInitial cell count: 1000Message: set 2 exp 8
---
Dataframe File: param_est_15.csv
Pickle Data File: data_15.pkl
Time: 2025-06-11T22:53:02.625784
Shape: (153, 4)
Columns: ['Parameter', 'Value', 'Run', 'Type']
Simulation Type: MeasurementType(change_times=[0], meas_times=[0, 4, 8, 12, 16, 20, 24, 28, 32, 36, 40, 44, 48, 52, 56, 60, 64, 68, 72, 76, 80, 84, 88, 92, 96, 100, 104, 108, 112, 116, 120, 124, 128, 132, 136, 140, 144, 148, 152, 156, 160, 164, 168, 172, 176, 180, 184, 188, 192, 196, 200, 204, 208, 212, 216, 220, 224, 228, 232, 236, 240], doses=array([[  0],
       [  1],
       [  5],
       [ 10],
       [ 50],
       [100],
       [  0],
       [  1],
       [  5],
       [ 10],
       [ 50],
       [100],
       [  0],
       [  1],
       [  5],
       [ 10],
       [ 50],
       [100]]))
Liklihood version: RMS-growth
Fit-ratios: [0.9205971737910877, 0.8640133807603222, 0.8211187864981425, 0.9459072538411972, 0.969524699555166, 0.8571359254067703, 0.9653624164091887, 0.9417080041835109, 0.9223994938765484, 0.9403635590302439, 0.8849754460975499, 0.9688853473378916, 4.532384732484485, 0.9952868751598027, 0.8588906275782439, 0.973071459562707]
Number of experiments: 16
Parameters: LastYearParamSetLinear_no_h_nu(mu=0.0004, h_mu=4e-05, nu=0.004, b0=0.04, d0=0.0, d_d0=0.08, b1=0.001, d1=0.0)
Initial f0 strategy: equilibInitial cell count: 1000Message: set 3 exp 1
---
Dataframe File: param_est_16.csv
Pickle Data File: data_16.pkl
Time: 2025-06-11T23:02:25.659633
Shape: (153, 4)
Columns: ['Parameter', 'Value', 'Run', 'Type']
Simulation Type: MeasurementType(change_times=[0], meas_times=[0, 4, 8, 12, 16, 20, 24, 28, 32, 36, 40, 44, 48, 52, 56, 60, 64, 68, 72, 76, 80, 84, 88, 92, 96, 100, 104, 108, 112, 116, 120, 124, 128, 132, 136, 140, 144, 148, 152, 156, 160, 164, 168, 172, 176, 180, 184, 188, 192, 196, 200, 204, 208, 212, 216, 220, 224, 228, 232, 236, 240], doses=array([[  0],
       [  1],
       [  2],
       [  5],
       [ 10],
       [ 20],
       [ 50],
       [ 75],
       [100],
       [  0],
       [  1],
       [  2],
       [  5],
       [ 10],
       [ 20],
       [ 50],
       [ 75],
       [100],
       [  0],
       [  1],
       [  2],
       [  5],
       [ 10],
       [ 20],
       [ 50],
       [ 75],
       [100]]))
Liklihood version: RMS-growth
Fit-ratios: [0.9571727867157105, 0.9799525823042671, 0.9146629768705681, 0.9767373118109014, 0.9892602862616902, 0.9819359740813153, 0.9410712560920996, 0.9953323001615593, 0.9230148293116924, 1.0008684875704583, 0.9861592450817236, 0.9425910672050251, 0.9666064719375721, 0.9853739830861394, 0.9718543960897384, 0.9497145452246472]
Number of experiments: 16
Parameters: LastYearParamSetLinear_no_h_nu(mu=0.0004, h_mu=4e-05, nu=0.004, b0=0.04, d0=0.0, d_d0=0.08, b1=0.001, d1=0.0)
Initial f0 strategy: equilibInitial cell count: 1000Message: set 3 exp 2
---
Dataframe File: param_est_17.csv
Pickle Data File: data_17.pkl
Time: 2025-06-11T23:09:50.202469
Shape: (153, 4)
Columns: ['Parameter', 'Value', 'Run', 'Type']
Simulation Type: MeasurementType(change_times=[0], meas_times=[0, 4, 8, 12, 16, 20, 24, 28, 32, 36, 40, 44, 48, 52, 56, 60, 64, 68, 72, 76, 80, 84, 88, 92, 96, 100, 104, 108, 112, 116, 120, 124, 128, 132, 136, 140, 144, 148, 152, 156, 160, 164, 168, 172, 176, 180, 184, 188, 192, 196, 200, 204, 208, 212, 216, 220, 224, 228, 232, 236, 240], doses=array([[  0],
       [  1],
       [  5],
       [ 10],
       [ 50],
       [100],
       [  0],
       [  1],
       [  5],
       [ 10],
       [ 50],
       [100],
       [  0],
       [  1],
       [  5],
       [ 10],
       [ 50],
       [100]]))
Liklihood version: RMS-growth
Fit-ratios: [0.9538817819919299, 1.0376376833585665, 0.9916429525962804, 0.8605569738095632, 0.9030357837027672, 0.7681508940767492, 0.995612852114721, 0.9393757795292544, 0.98578658038654, 0.9700815450800198, 0.9713244809156224, 0.9736580623059723, 0.9215507088662972, 0.9632934849709633, 0.7372428314080046, 1.007196285133384]
Number of experiments: 16
Parameters: LastYearParamSetLinear_no_h_nu(mu=0.0004, h_mu=4e-05, nu=0.004, b0=0.04, d0=0.0, d_d0=0.08, b1=0.001, d1=0.0)
Initial f0 strategy: equilibInitial cell count: 1000Message: set 3 exp 3
---
Dataframe File: param_est_18.csv
Pickle Data File: data_18.pkl
Time: 2025-06-11T23:20:38.742348
Shape: (153, 4)
Columns: ['Parameter', 'Value', 'Run', 'Type']
Simulation Type: MeasurementType(change_times=[0], meas_times=[0, 4, 8, 12, 16, 20, 24, 28, 32, 36, 40, 44, 48, 52, 56, 60, 64, 68, 72, 76, 80, 84, 88, 92, 96, 100, 104, 108, 112, 116, 120, 124, 128, 132, 136, 140, 144, 148, 152, 156, 160, 164, 168, 172, 176, 180, 184, 188, 192, 196, 200, 204, 208, 212, 216, 220, 224, 228, 232, 236, 240], doses=array([[  0],
       [  1],
       [  2],
       [  5],
       [ 10],
       [ 20],
       [ 50],
       [ 75],
       [100],
       [  0],
       [  1],
       [  2],
       [  5],
       [ 10],
       [ 20],
       [ 50],
       [ 75],
       [100],
       [  0],
       [  1],
       [  2],
       [  5],
       [ 10],
       [ 20],
       [ 50],
       [ 75],
       [100]]))
Liklihood version: RMS-growth
Fit-ratios: [0.9473276154749867, 0.9276652247896111, 0.9667946974776741, 0.9159463140248684, 0.9620856280046177, 0.9676156464910268, 0.9762449647406835, 0.914054597168915, 0.9442771386235754, 0.9374603236246839, 0.9848136049496236, 0.9375703867766676, 0.9177036914562228, 0.9210492244701308, 0.9187486243705261, 0.9328583376000136]
Number of experiments: 16
Parameters: LastYearParamSetLinear_no_h_nu(mu=0.0004, h_mu=4e-05, nu=0.004, b0=0.04, d0=0.0, d_d0=0.08, b1=0.001, d1=0.0)
Initial f0 strategy: equilibInitial cell count: 1000Message: set 3 exp 4
---
Dataframe File: param_est_19.csv
Pickle Data File: data_19.pkl
Time: 2025-06-11T23:34:08.441112
Shape: (153, 4)
Columns: ['Parameter', 'Value', 'Run', 'Type']
Simulation Type: MeasurementType(change_times=[0], meas_times=[0, 4, 8, 12, 16, 20, 24, 28, 32, 36, 40, 44, 48, 52, 56, 60, 64, 68, 72, 76, 80, 84, 88, 92, 96, 100, 104, 108, 112, 116, 120, 124, 128, 132, 136, 140, 144, 148, 152, 156, 160, 164, 168, 172, 176, 180, 184, 188, 192, 196, 200, 204, 208, 212, 216, 220, 224, 228, 232, 236, 240, 244, 248, 252, 256, 260, 264, 268, 272, 276, 280, 284, 288, 292, 296, 300, 304, 308, 312, 316, 320, 324, 328, 332, 336, 340, 344, 348, 352, 356, 360, 364, 368, 372, 376, 380, 384, 388, 392, 396, 400, 404, 408, 412, 416, 420, 424, 428, 432, 436, 440, 444, 448, 452, 456, 460, 464, 468, 472, 476, 480], doses=array([[  0],
       [  1],
       [  5],
       [ 10],
       [ 50],
       [100],
       [  0],
       [  1],
       [  5],
       [ 10],
       [ 50],
       [100],
       [  0],
       [  1],
       [  5],
       [ 10],
       [ 50],
       [100]]))
Liklihood version: RMS-growth
Fit-ratios: [0.7947365499031854, 0.9362815064271479, 0.9269260568928106, 0.8725376202343402, 0.9402806098320154, 0.9084732976043101, 0.8527693445339174, 0.926138284805146, 0.9661400789587813, 0.9241264297429451, 0.9475619119316658, 0.9543846311544967, 0.787970069000579, 0.9241479263040827, 0.718252733783708, 0.9494048447814731]
Number of experiments: 16
Parameters: LastYearParamSetLinear_no_h_nu(mu=0.0004, h_mu=4e-05, nu=0.004, b0=0.04, d0=0.0, d_d0=0.08, b1=0.001, d1=0.0)
Initial f0 strategy: equilibInitial cell count: 1000Message: set 3 exp 5
---
Dataframe File: param_est_20.csv
Pickle Data File: data_20.pkl
Time: 2025-06-11T23:49:55.011846
Shape: (153, 4)
Columns: ['Parameter', 'Value', 'Run', 'Type']
Simulation Type: MeasurementType(change_times=[0], meas_times=[0, 4, 8, 12, 16, 20, 24, 28, 32, 36, 40, 44, 48, 52, 56, 60, 64, 68, 72, 76, 80, 84, 88, 92, 96, 100, 104, 108, 112, 116, 120, 124, 128, 132, 136, 140, 144, 148, 152, 156, 160, 164, 168, 172, 176, 180, 184, 188, 192, 196, 200, 204, 208, 212, 216, 220, 224, 228, 232, 236, 240, 244, 248, 252, 256, 260, 264, 268, 272, 276, 280, 284, 288, 292, 296, 300, 304, 308, 312, 316, 320, 324, 328, 332, 336, 340, 344, 348, 352, 356, 360, 364, 368, 372, 376, 380, 384, 388, 392, 396, 400, 404, 408, 412, 416, 420, 424, 428, 432, 436, 440, 444, 448, 452, 456, 460, 464, 468, 472, 476, 480], doses=array([[  0],
       [  1],
       [  2],
       [  5],
       [ 10],
       [ 20],
       [ 50],
       [ 75],
       [100],
       [  0],
       [  1],
       [  2],
       [  5],
       [ 10],
       [ 20],
       [ 50],
       [ 75],
       [100],
       [  0],
       [  1],
       [  2],
       [  5],
       [ 10],
       [ 20],
       [ 50],
       [ 75],
       [100]]))
Liklihood version: RMS-growth
Fit-ratios: [0.9603801888604547, 0.9102923477637683, 0.9618872116239903, 0.9361935118347062, 0.8601114627852805, 0.9429972713018756, 0.8938217891692345, 0.9436132927750592, 0.8960414671126021, 0.9530579752634871, 0.9187739028292559, 0.9846836408555407, 0.9819240875979384, 0.9275140152295993, 0.9662842875878173, 0.9045988710011138]
Number of experiments: 16
Parameters: LastYearParamSetLinear_no_h_nu(mu=0.0004, h_mu=4e-05, nu=0.004, b0=0.04, d0=0.0, d_d0=0.08, b1=0.001, d1=0.0)
Initial f0 strategy: equilibInitial cell count: 1000Message: set 3 exp 6
---
Dataframe File: param_est_21.csv
Pickle Data File: data_21.pkl
Time: 2025-06-12T00:10:43.855418
Shape: (153, 4)
Columns: ['Parameter', 'Value', 'Run', 'Type']
Simulation Type: MeasurementType(change_times=[0], meas_times=[0, 4, 8, 12, 16, 20, 24, 28, 32, 36, 40, 44, 48, 52, 56, 60, 64, 68, 72, 76, 80, 84, 88, 92, 96, 100, 104, 108, 112, 116, 120, 124, 128, 132, 136, 140, 144, 148, 152, 156, 160, 164, 168, 172, 176, 180, 184, 188, 192, 196, 200, 204, 208, 212, 216, 220, 224, 228, 232, 236, 240, 244, 248, 252, 256, 260, 264, 268, 272, 276, 280, 284, 288, 292, 296, 300, 304, 308, 312, 316, 320, 324, 328, 332, 336, 340, 344, 348, 352, 356, 360, 364, 368, 372, 376, 380, 384, 388, 392, 396, 400, 404, 408, 412, 416, 420, 424, 428, 432, 436, 440, 444, 448, 452, 456, 460, 464, 468, 472, 476, 480], doses=array([[  0],
       [  1],
       [  5],
       [ 10],
       [ 50],
       [100],
       [  0],
       [  1],
       [  5],
       [ 10],
       [ 50],
       [100],
       [  0],
       [  1],
       [  5],
       [ 10],
       [ 50],
       [100]]))
Liklihood version: RMS-growth
Fit-ratios: [0.8484227262759569, 0.9210833251153283, 0.8495810220977613, 0.9634897188816094, 0.9175772633979109, 0.9056224807512387, 0.9666598198486115, 0.9439016382130222, 0.9125055183838977, 5.522726854731089, 0.9309793353200287, 0.9758151860360655, 0.9083523431534749, 0.9571797891725258, 0.9200885129341299, 0.8843501755178357]
Number of experiments: 16
Parameters: LastYearParamSetLinear_no_h_nu(mu=0.0004, h_mu=4e-05, nu=0.004, b0=0.04, d0=0.0, d_d0=0.08, b1=0.001, d1=0.0)
Initial f0 strategy: equilibInitial cell count: 1000Message: set 3 exp 7
---
Dataframe File: param_est_22.csv
Pickle Data File: data_22.pkl
Time: 2025-06-12T00:28:19.306982
Shape: (153, 4)
Columns: ['Parameter', 'Value', 'Run', 'Type']
Simulation Type: MeasurementType(change_times=[0], meas_times=[0, 4, 8, 12, 16, 20, 24, 28, 32, 36, 40, 44, 48, 52, 56, 60, 64, 68, 72, 76, 80, 84, 88, 92, 96, 100, 104, 108, 112, 116, 120, 124, 128, 132, 136, 140, 144, 148, 152, 156, 160, 164, 168, 172, 176, 180, 184, 188, 192, 196, 200, 204, 208, 212, 216, 220, 224, 228, 232, 236, 240, 244, 248, 252, 256, 260, 264, 268, 272, 276, 280, 284, 288, 292, 296, 300, 304, 308, 312, 316, 320, 324, 328, 332, 336, 340, 344, 348, 352, 356, 360, 364, 368, 372, 376, 380, 384, 388, 392, 396, 400, 404, 408, 412, 416, 420, 424, 428, 432, 436, 440, 444, 448, 452, 456, 460, 464, 468, 472, 476, 480], doses=array([[  0],
       [  1],
       [  2],
       [  5],
       [ 10],
       [ 20],
       [ 50],
       [ 75],
       [100],
       [  0],
       [  1],
       [  2],
       [  5],
       [ 10],
       [ 20],
       [ 50],
       [ 75],
       [100],
       [  0],
       [  1],
       [  2],
       [  5],
       [ 10],
       [ 20],
       [ 50],
       [ 75],
       [100]]))
Liklihood version: RMS-growth
Fit-ratios: [0.9921239537503306, 0.9855904637151223, 0.9091472603754861, 0.970076285170605, 0.9413168433118142, 0.9528283234100299, 0.951088400038045, 0.917415720261061, 0.9378445423732055, 0.9633494405671639, 0.900476805328127, 0.9548094156524607, 0.8883414206896959, 0.97646591590183, 0.9875871661490992, 0.9391398789821783]
Number of experiments: 16
Parameters: LastYearParamSetLinear_no_h_nu(mu=0.0004, h_mu=4e-05, nu=0.004, b0=0.04, d0=0.0, d_d0=0.08, b1=0.001, d1=0.0)
Initial f0 strategy: equilibInitial cell count: 1000Message: set 3 exp 8
---
