Dataframe File: param_est_1.csv
Pickle Data File: data_1.pkl
Time: 2025-06-26T10:51:41.665596
Shape: (310, 4)
Columns: ['Parameter', 'Value', 'Run', 'Type']
Simulation Type: MeasurementType(change_times=[0, 120], meas_times=[0, 4, 8, 12, 16, 20, 24, 28, 32, 36, 40, 44, 48, 52, 56, 60, 64, 68, 72, 76, 80, 84, 88, 92, 96, 100, 104, 108, 112, 116, 120, 124, 128, 132, 136, 140, 144, 148, 152, 156, 160, 164, 168, 172, 176, 180, 184, 188, 192, 196, 200, 204, 208, 212, 216, 220, 224, 228, 232, 236, 240], doses=array([[  0,   0],
       [  1,   0],
       [  5,   0],
       [ 10,   0],
       [ 50,   0],
       [100,   0],
       [  0,   0],
       [  1,   0],
       [  5,   0],
       [ 10,   0],
       [ 50,   0],
       [100,   0],
       [  0,   0],
       [  1,   0],
       [  5,   0],
       [ 10,   0],
       [ 50,   0],
       [100,   0]]))
Liklihood version: RMS-growth
Fit-ratios: [1.0252941865396863, 1.0238682157529064, 0.7889666541739906, 0.7718689720511459, 1.100389406406122, 0.6529208272106035, 0.9812486605704547, 0.9460563952239706, 0.957110130445004, 0.6500825748747721, 0.9995261867995486, 0.8516318296393903, 1.2016843110427902, 0.9420707739065949, 0.9074583579628872, 0.8989059398635411, 0.7275039347900512, 0.9071414218976518, 0.9482869820733019, 0.9481913119670203, 0.9153007525477601, 1.064932096718705, 0.9559919810493106, 0.9583808278052692, 1.014233997398927, 1.8211264401363585, 0.6786270452229505, 0.968354950278019, 0.9175978201536293, 0.9639068822805731]
Number of experiments: 30
Parameters: ParamSet_MMmu(mu=0.0004, d_mu=0.004, e_mu=10, nu=0.004, b0=0.04, d0=0, d_d0=0.08, b1=0.001, d1=0)
Initial f0 strategy: equilibInitial cell count: 1000Message: general mu, const dose
---
Dataframe File: param_est_2.csv
Pickle Data File: data_2.pkl
Time: 2025-06-26T11:29:18.255456
Shape: (279, 4)
Columns: ['Parameter', 'Value', 'Run', 'Type']
Simulation Type: MeasurementType(change_times=[0, 120], meas_times=[0, 4, 8, 12, 16, 20, 24, 28, 32, 36, 40, 44, 48, 52, 56, 60, 64, 68, 72, 76, 80, 84, 88, 92, 96, 100, 104, 108, 112, 116, 120, 124, 128, 132, 136, 140, 144, 148, 152, 156, 160, 164, 168, 172, 176, 180, 184, 188, 192, 196, 200, 204, 208, 212, 216, 220, 224, 228, 232, 236, 240], doses=array([[  0,   0],
       [  1,   0],
       [  5,   0],
       [ 10,   0],
       [ 50,   0],
       [100,   0],
       [  0,   0],
       [  1,   0],
       [  5,   0],
       [ 10,   0],
       [ 50,   0],
       [100,   0],
       [  0,   0],
       [  1,   0],
       [  5,   0],
       [ 10,   0],
       [ 50,   0],
       [100,   0]]))
Liklihood version: RMS-growth
Fit-ratios: [0.8379790135949792, 0.8494100286751347, 0.9677533791266011, 0.9590932245365416, 0.9744314078890599, 0.9124048730292411, 0.9990660640758198, 0.8071169848861701, 0.9262703923343318, 0.8083345849951048, 0.8297391914769466, 0.8374153028435719, 0.9089138389463174, 0.811034826046492, 0.8672152116158813, 0.9587386023317236, 0.7058270278086815, 0.7417643418965838, 0.8903622169303629, 0.758295903546428, 0.7978540394342393, 0.9044183058477435, 0.9158850936059801, 0.9017075059190025, 0.8636598325380426, 0.9838697532328983, 0.9009555451789203, 0.8507952246083703, 0.9180106809756818, 0.9528001494278704]
Number of experiments: 30
Parameters: LastYearParamSetLinear_no_h_nu(mu=0.0004, h_mu=4e-05, nu=0.004, b0=0.04, d0=0, d_d0=0.08, b1=0.001, d1=0)
Initial f0 strategy: equilibInitial cell count: 1000Message: linear mu, const dose
---
Dataframe File: param_est_3.csv
Pickle Data File: data_3.pkl
Time: 2025-06-26T12:12:40.590413
Shape: (310, 4)
Columns: ['Parameter', 'Value', 'Run', 'Type']
Simulation Type: MeasurementType(change_times=[0], meas_times=[0, 4, 8, 12, 16, 20, 24, 28, 32, 36, 40, 44, 48, 52, 56, 60, 64, 68, 72, 76, 80, 84, 88, 92, 96, 100, 104, 108, 112, 116, 120, 124, 128, 132, 136, 140, 144, 148, 152, 156, 160, 164, 168, 172, 176, 180, 184, 188, 192, 196, 200, 204, 208, 212, 216, 220, 224, 228, 232, 236, 240], doses=array([[  0],
       [  1],
       [  5],
       [ 10],
       [ 50],
       [100],
       [  0],
       [  1],
       [  5],
       [ 10],
       [ 50],
       [100],
       [  0],
       [  1],
       [  5],
       [ 10],
       [ 50],
       [100]]))
Liklihood version: RMS-growth
Fit-ratios: [1.7258399136053888, 1.1070454850857898, 0.9584892964870543, 1.2243171710056993, 0.9029846695436494, 1.0603138308919537, 2.4768234634878237, 0.9925141801431577, 1.0034575024390349, 0.9047289849543021, 2.017710672266457, 1.0519815303844022, 1.4181476382390212, 0.9935232673754392, 0.7097767495326841, 1.867001203253235, 0.8997877015399874, 1.0160813391160761, 1.0629345880432564, 1.2033535024952595, 1.0000303498188354, 0.8966376107323066, 1.5318922969654605, 1.7351685613363779, 0.7486842393789975, 1.305467723185541, 0.9242676281175616, 1.0040589877869077, 2.4004400628215294, 1.7735425163540837]
Number of experiments: 30
Parameters: ParamSet_MMmu(mu=0.0004, d_mu=0.004, e_mu=10, nu=0.004, b0=0.04, d0=0, d_d0=0.08, b1=0.001, d1=0)
Initial f0 strategy: equilibInitial cell count: 1000Message: general mu, pulsed dose
---
Dataframe File: param_est_4.csv
Pickle Data File: data_4.pkl
Time: 2025-06-26T12:50:40.327069
Shape: (279, 4)
Columns: ['Parameter', 'Value', 'Run', 'Type']
Simulation Type: MeasurementType(change_times=[0], meas_times=[0, 4, 8, 12, 16, 20, 24, 28, 32, 36, 40, 44, 48, 52, 56, 60, 64, 68, 72, 76, 80, 84, 88, 92, 96, 100, 104, 108, 112, 116, 120, 124, 128, 132, 136, 140, 144, 148, 152, 156, 160, 164, 168, 172, 176, 180, 184, 188, 192, 196, 200, 204, 208, 212, 216, 220, 224, 228, 232, 236, 240], doses=array([[  0],
       [  1],
       [  5],
       [ 10],
       [ 50],
       [100],
       [  0],
       [  1],
       [  5],
       [ 10],
       [ 50],
       [100],
       [  0],
       [  1],
       [  5],
       [ 10],
       [ 50],
       [100]]))
Liklihood version: RMS-growth
Fit-ratios: [0.90795565528222, 0.9615914166083122, 0.9559062439580678, 0.9083891047810893, 0.9566395820282415, 1.169395884013146, 0.9679061542337186, 0.7737127138824247, 0.9279831517139323, 1.0034322097941102, 0.6998959081086776, 0.9595888566785216, 0.9410183146464683, 0.9062722330855716, 0.9057254399124404, 0.9736636606251645, 1.4242294447990436, 0.9200904214340382, 0.7293635613825634, 0.9469437081546467, 0.9059047556308166, 0.8353897533865291, 0.8953809798204122, 0.875418052765957, 1.0827725090024667, 1.0209497545424162, 0.8811728434415674, 1.0116790301050047, 1.4355035023405172, 0.8924597838869944]
Number of experiments: 30
Parameters: LastYearParamSetLinear_no_h_nu(mu=0.0004, h_mu=4e-05, nu=0.004, b0=0.04, d0=0, d_d0=0.08, b1=0.001, d1=0)
Initial f0 strategy: equilibInitial cell count: 1000Message: linear mu, pulsed dose
---
